1345 4078.789756 1977.647594
1349.001255 4076.236869 1977.766982
1357.431533 4070.858168 1977.500906
1365.86181 4065.479468 1977.243941
1374.292088 4060.100768 1976.996086
1382.722366 4054.722067 1976.757341
1387 4051.992844 1976.64082
1387 4057.827403 1973.433755
1385.216801 4058.631708 1973.665596
1376.507644 4063.573308 1974.25
1367.792091 4068.504883 1974.851442
1359.186234 4073.60839 1975.32603
1350.570621 4078.696606 1975.821821
1341.730336 4083.432683 1976.605195
1332.481203 4087.527955 1977.904431
1332.140699 4086.994269 1978.07647
1318.693949 4065.918575 1978.07647
1327.124226 4060.539874 1977.79217
1335.554504 4055.161174 1977.516982
1343.984782 4049.782474 1977.250906
1345 4049.134743 1977.219961
1345 4078.789756 1977.647594
