0
1345.00000 4078.79000 1977.64800
1349.00100 4076.23700 1977.76700
1357.43200 4070.85800 1977.50100
1365.86200 4065.47900 1977.24400
1374.29200 4060.10100 1976.99600
1382.72200 4054.72200 1976.75700
1387.00000 4051.99300 1976.64100
1387.00000 4057.82700 1973.43400
1385.21700 4058.63200 1973.66600
1376.50800 4063.57300 1974.25000
1367.79200 4068.50500 1974.85100
1359.18600 4073.60800 1975.32600
1350.57100 4078.69700 1975.82200
1341.73000 4083.43300 1976.60500
1332.48100 4087.52800 1977.90400
1332.14100 4086.99400 1978.07600
1318.69400 4065.91900 1978.07600
1327.12400 4060.54000 1977.79200
1335.55500 4055.16100 1977.51700
1343.98500 4049.78200 1977.25100
1345.00000 4049.13500 1977.22000
1345.00000 4078.79000 1977.64800
1
1318.61000 4065.78700 1978.43000
1326.06400 4061.21600 1978.07700
1318.69400 4065.91900 1978.07600
1318.61000 4065.78700 1978.43000
