499120.438 2745285.75 1989.3
499117.375 2745294.5 1988.817
499114.094 2745303.75 1988.204
499111.063 2745313.5 1987.172
499108.188 2745323 1985.89
499105.438 2745332.75 1984.415
499102.344 2745339.5 1987.938
499101.688 2745342 1987.434
499099.375 2745351.75 1984.825
499096.469 2745361.5 1983.366
499093.594 2745371 1981.853
499090.625 2745380.75 1980.511
499087.469 2745390.25 1979.455
499084.375 2745399.75 1978.288
499081.344 2745409.25 1976.994
499078.031 2745418.75 1976.199
499074.656 2745428.25 1975.508
499071.281 2745437.75 1974.753
499068.281 2745447.5 1973.3
499064.625 2745456.75 1973
499060.813 2745466 1973
499057.563 2745475.5 1971.933
499053.25 2745482 1978.128
499052.469 2745484.25 1977.692
499049.125 2745493.75 1976.595
499045.531 2745503.25 1975.959
499041.781 2745512.75 1975.569
499037.938 2745522 1975.388
499034.125 2745531.25 1974.99
499030.438 2745540.75 1974.343
499026.875 2745550 1973.389
499023.188 2745559.5 1972.546
499019.125 2745568.75 1972.5
499015.031 2745578 1972.5
499010.875 2745587.25 1972.5
499006.719 2745596.5 1972.5
499002.5 2745605.5 1972.5
498998.25 2745614.75 1972.5
498993.969 2745624 1972.5
498989.688 2745633 1972.5
498985.344 2745642.25 1972.5
498980.938 2745651.25 1972.5
498976.531 2745660.5 1972.5
498972.094 2745669.5 1972.5
498971 2745671.75 1972.5
498891.906 2745671.75 1960
498895.438 2745664.75 1960
498899.875 2745656 1960
498904.25 2745647.25 1960
498908.625 2745638.25 1960
498912.969 2745629.5 1960
498917.25 2745620.75 1960
498921.531 2745611.75 1960
498925.75 2745602.75 1960
498929.938 2745594 1960
498934.125 2745585 1960
498938.25 2745576 1960
498942.344 2745567 1960
498946.438 2745558 1960
498950.469 2745549 1960
498954.5 2745540 1960
498958.469 2745531 1960
498962.438 2745522 1960
498966.375 2745513 1960
498970.313 2745503.75 1960
498974.188 2745494.75 1960
498978.219 2745485.75 1960.344
498982.656 2745476.75 1961.603
498987.313 2745468 1963.4
498992.188 2745459.25 1965.695
498997.125 2745450.5 1968.095
498997.25 2745450.25 1968.125
499003.188 2745442.25 1969.067
499007.375 2745433.25 1969.976
499011.688 2745424.25 1971.134
499015.906 2745415.25 1972.211
499020 2745406.25 1972.934
499024 2745397.25 1973.601
499028 2745388 1974.206
499031.938 2745378.75 1974.721
499035.906 2745369.75 1975.27
499039.844 2745360.5 1975.856
499044.406 2745351.5 1977.725
499045 2745350.5 1978.013
499051.281 2745343.5 1980.334
499056.344 2745334.75 1982.902
499061.063 2745326 1984.888
499066.406 2745317.25 1988.045
499066.594 2745317 1988.16
499073.688 2745309.5 1990.897
499078.344 2745300.5 1992.498
499082.719 2745291.5 1993.612
499085.125 2745285.75 1993.853
499120.438 2745285.75 1989.3
