499123 2745284.75 1989.34
499119.5 2745293.75 1988.807
499115.938 2745303.25 1988.213
499112.625 2745312.75 1987.212
499109.469 2745322.25 1986.004
499106.438 2745331.75 1984.544
499103.625 2745341.5 1982.73
499101.344 2745351.25 1980.05
499098.313 2745361 1978.559
499095.313 2745370.5 1977.057
499092.25 2745380 1975.659
499088.969 2745389.5 1974.628
499085.719 2745399 1973.507
499082.594 2745408.5 1972.171
499079.188 2745418 1971.353
499075.656 2745427.5 1970.657
499072.063 2745436.75 1970.101
499068.781 2745446.25 1969.014
499065.406 2745455.75 1968.041
499061.406 2745465 1968.069
499057.969 2745474.25 1967.213
499055.125 2745484 1965.336
499052.125 2745493.75 1963.664
499048.656 2745503.25 1962.783
499044.844 2745512.5 1962.373
499041 2745521.75 1962.067
499037.094 2745531 1961.789
499033.281 2745540.25 1961.347
499029.719 2745549.75 1960.474
499025.875 2745559 1960
499021.719 2745568.25 1960
499017.563 2745577.5 1960
499013.375 2745586.5 1960
499009.156 2745595.75 1960
499004.906 2745604.75 1960
499000.656 2745614 1960
498996.375 2745623.25 1960
498992.031 2745632.25 1960
498987.688 2745641.5 1960
498983.313 2745650.5 1960
498978.906 2745659.5 1960
498974.469 2745668.75 1960
498972.438 2745672.75 1960
498894.719 2745672.75 1960
498894.688 2745672.75 1960.001
498899.438 2745663.75 1960
498903.688 2745656 1960
498908.094 2745647 1960
498912.438 2745638.25 1960
498916.781 2745629.25 1960
498921.094 2745620.5 1960
498925.375 2745611.5 1960
498929.625 2745602.5 1960
498933.875 2745593.75 1960
498938.063 2745584.75 1960
498942.25 2745575.75 1960
498946.406 2745566.75 1960
498950.563 2745557.75 1960
498954.688 2745548.75 1960
498958.781 2745539.75 1960
498962.875 2745530.75 1960
498966.938 2745521.5 1960
498971 2745512.5 1960
498975.031 2745503.5 1960
498979.031 2745494.25 1960.002
498983.531 2745485.5 1961.042
498984.656 2745483.25 1961.323
498989.938 2745477.5 1962.34
498994.813 2745468.75 1964.263
499000.156 2745460.25 1967.217
499004.813 2745451.25 1968.731
499009.219 2745442.25 1969.751
499013.625 2745433.5 1970.743
499015.813 2745429 1971.187
499019.781 2745425.25 1971.538
499023.969 2745416 1971.974
499028.063 2745407 1972.294
499032.313 2745398 1972.909
499036.844 2745389 1974.095
499041.125 2745380 1974.76
499045.438 2745371 1975.458
499049.844 2745362 1976.406
499054.656 2745353.25 1978.101
499059.969 2745344.5 1980.709
499060.781 2745343.5 1981.317
499067.25 2745336.75 1983.299
499072.375 2745328 1985.267
499077.813 2745319.5 1987.739
499082.938 2745311 1989.7
499087.656 2745302 1991.013
499091.875 2745293 1991.445
499095.25 2745284.75 1991.31
499123 2745284.75 1989.34
