498838.201 2745789.877 1966.771
498842.565 2745780.871 1965.978
498847.1 2745771.956 1965.572
498851.636 2745763.041 1965.168
498856.162 2745754.121 1964.742
498860.68 2745745.197 1964.298
498865.129 2745736.237 1963.698
498869.461 2745727.213 1962.833
498873.862 2745718.227 1962.123
498878.389 2745709.308 1961.699
498880.648 2745704.846 1961.477
498881.106 2745699.421 1961.171
498885.589 2745690.478 1960.647
498890.066 2745681.533 1960.111
498894.731 2745672.687 1960
498899.445 2745663.868 1960
498903.683 2745655.923 1960
498908.079 2745647.085 1960
498912.445 2745638.228 1960
498916.782 2745629.353 1960
498921.091 2745620.46 1960
498925.374 2745611.549 1960
498929.631 2745602.622 1960
498933.863 2745593.678 1960
498938.071 2745584.719 1960
498942.256 2745575.745 1960
498946.419 2745566.755 1960
498950.561 2745557.752 1960
498954.682 2745548.735 1960
498958.784 2745539.705 1960
498962.868 2745530.662 1960
498966.935 2745521.607 1960
498970.986 2745512.54 1960
498975.021 2745503.462 1960
498979.042 2745494.374 1960.002
498983.525 2745485.484 1961.042
498984.654 2745483.264 1961.324
498989.947 2745477.436 1962.34
498994.813 2745468.698 1964.263
499000.143 2745460.155 1967.217
499004.804 2745451.315 1968.731
499009.229 2745442.367 1969.751
499013.635 2745433.406 1970.743
499015.812 2745428.913 1971.187
499019.786 2745425.191 1971.538
499023.953 2745416.118 1971.975
499028.055 2745407.013 1972.294
499032.307 2745397.969 1972.909
499036.858 2745389.049 1974.095
499041.132 2745380.008 1974.76
499045.423 2745370.972 1975.458
499049.846 2745361.988 1976.406
499054.661 2745353.17 1978.101
499059.957 2745344.557 1980.709
499060.767 2745343.544 1981.317
499067.243 2745336.794 1983.299
499072.374 2745328.111 1985.267
499077.814 2745319.56 1987.739
499082.942 2745310.876 1989.7
499087.672 2745302.022 1991.013
499091.862 2745292.937 1991.445
499095.692 2745283.699 1991.292
499096.765 2745281.49 1991.472
499099.544 2745271.803 1993.341
499102.006 2745261.981 1995.726
499105.441 2745252.575 1996.524
499108.988 2745243.216 1997.141
499112.501 2745233.842 1997.813
499116.097 2745224.505 1998.349
499119.519 2745215.093 1999.168
499123.003 2745205.707 1999.888
499126.345 2745196.26 2000.838
499129.614 2745186.783 2001.907
499133.019 2745177.364 2002.754
499136.445 2745167.953 2003.569
499139.87 2745158.542 2004.383
499143.316 2745149.14 2005.163
499146.763 2745139.739 2005.943
499150.293 2745130.373 2006.586
499153.843 2745121.015 2007.198
499157.397 2745111.66 2007.802
499160.906 2745102.285 2008.48
499164.399 2745092.903 2009.184
499167.906 2745083.527 2009.866
499171.748 2745074.294 2010
499175.673 2745065.096 2010
499179.598 2745055.899 2010
499183.522 2745046.701 2010
499187.991 2745037.735 2009.113
499193.118 2745029.051 2007.153
499198.7 2745020.56 2004.449
499203.852 2745011.886 2002.448
499208.568 2745003.026 2001.158
499213.056 2744994.069 2000.24
499217.689 2744985.174 1999.085
499222.579 2744976.388 1997.51
499227.915 2744967.793 1995.208
499233.297 2744959.217 1992.831
499235.952 2744955.305 1991.472
499236.733 2744944.766 1986.344
499238.887 2744934.813 1983.458
499245.064 2744926.566 1987.123
499248.533 2744917.137 1986.331
499252.042 2744907.722 1985.569
499255.514 2744898.289 1984.714
499258.659 2744888.71 1983.288
499261.237 2744878.876 1980.897
499264.749 2744869.449 1980
499268.828 2744860.271 1980
499272.928 2744851.103 1980
499277.413 2744842.108 1980.602
499281.834 2744833.087 1981.066
499286.273 2744824.075 1981.528
499290.722 2744815.069 1981.973
499294.963 2744805.968 1982.043
499299.512 2744797.01 1982.588
499304.018 2744788.035 1983.032
499308.575 2744779.084 1983.527
499313.163 2744770.15 1984.043
499317.657 2744761.173 1984.369
499322.099 2744752.171 1984.576
499326.633 2744743.215 1984.904
499331.222 2744734.286 1985.292
499335.879 2744725.391 1985.759
499340.624 2744716.542 1986.343
499345.443 2744707.73 1987.018
499350.28 2744698.929 1987.692
499354.918 2744690.031 1988
499359.392 2744681.053 1988
499364.081 2744672.182 1988.329
499368.965 2744663.411 1988.953
499373.868 2744654.652 1989.578
499378.67 2744645.843 1990
499383.24 2744636.916 1990
499388.305 2744628.245 1990.802
499390.629 2744624.719 1991.473
499394.401 2744615.379 1992.902
499398.534 2744606.224 1993.754
499401.598 2744596.504 1996.455
499404.005 2744586.427 2000.31
499407.794 2744577.072 2001.858
499411.972 2744567.919 2002.784
499416.147 2744558.762 2003.748
499420.567 2744549.733 2004.331
499424.919 2744540.666 2005.064
499428.903 2744531.395 2006.46
499432.095 2744521.685 2009.25
499435.665 2744512.175 2011.429
500030.515 2743647.832 2034.533
500038.55 2743641.492 2031.101
500046.82 2743635.376 2027.064
500055.032 2743629.218 2023.214
500061.885 2743621.826 2023.079
500069.199 2743614.859 2021.733
500070.133 2743614.007 2021.514
500074.414 2743605.955 2030.145
500082.025 2743599.263 2028.08
500089.565 2743592.511 2026.243
500097.371 2743586.037 2023.683
500104.846 2743579.338 2021.925
500112.611 2743572.909 2019.376
500120.155 2743566.273 2017.433
500128.495 2743560.382 2013.308
500132.476 2743557.26 2011.762
500134.754 2743552.544 2017.957
500142.76 2743546.341 2015.148
500150.101 2743539.514 2013.935
500157.261 2743532.519 2013.154
500164.477 2743525.576 2012.238
500171.543 2743518.493 2011.683
500178.436 2743511.248 2011.543
500185.436 2743504.103 2011.146
500192.597 2743497.109 2010.362
500200.039 2743490.377 2008.906
500207.594 2743483.752 2007.179
500215.516 2743477.47 2004.571
500223.567 2743471.309 2001.653
500223.82 2743471.118 2001.56
500230.461 2743464.065 2004.504
500238.183 2743457.595 2002.682
500245.758 2743450.989 2001.16
500253.561 2743444.596 1999.169
500261.41 2743438.245 1997.085
500268.831 2743431.497 1995.876
500277.005 2743425.458 1993.111
500284.367 2743418.665 1992
500291.18 2743411.362 1992
500297.982 2743404.053 1992
500304.771 2743396.738 1992
500311.544 2743389.413 1992
500318.3 2743382.077 1992
500324.432 2743374.176 1993.227
500330.575 2743366.296 1994.382
500335.89 2743357.679 1997.154
500339.975 2743347.982 2002.333
500344.123 2743341.703 2001.472
500345.124 2743339.272 2002.417
500349.128 2743329.579 2008.432
500353.42 2743320.185 2013.65
500358.388 2743311.424 2017.174
500364.737 2743307.137 2011.472
500365.729 2743304.738 2011.615
500371.398 2743296.626 2013.539
500377.296 2743288.731 2014.728
500383.266 2743280.916 2015.59
500389.38 2743273.236 2015.943
500395.628 2743265.744 2015.645
500402.313 2743258.29 2014.608
500405.759 2743254.67 2013.795
500494.396 2743326.239 2091.472
500491.266 2743330.114 2091.472
500484.984 2743337.895 2091.472
500478.269 2743346.198 2091.472
500471.574 2743354.303 2091.472
500464.847 2743362.35 2091.472
500458.091 2743370.339 2091.472
500451.31 2743378.273 2091.472
500444.504 2743386.154 2091.472
500412.226 2743361.522 2034.429
500408.81 2743359.816 2031.036
500402.621 2743363.278 2026.267
500394.969 2743370.078 2023.758
500387.668 2743377.162 2022.237
500382.508 2743379.346 2021.445
500378.856 2743382.868 2020.703
500371.138 2743389.523 2018.139
500363.063 2743395.83 2014.642
500354.282 2743399.76 2011.022
500353.237 2743400.51 2010.555
500343.575 2743400.185 2001.24
500339.456 2743401.516 1998.04
500329.747 2743406.212 1992.098
500322.893 2743413.527 1992
500316.078 2743420.872 1992
500309.254 2743428.204 1992
500302.423 2743435.525 1992
500295.59 2743442.838 1992
500288.754 2743450.144 1992
500282.035 2743457.555 1992.239
500277.019 2743466.557 1995.975
500270.678 2743474.319 1996.99
500264.223 2743481.974 1997.768
500257.712 2743489.577 1998.432
500251.162 2743497.144 1999.017
500244.867 2743504.948 2000.125
500241.028 2743513.341 2001.533
500240.294 2743514.366 2001.822
500234.261 2743522.416 2003.742
500228.115 2743530.361 2005.393
500221.725 2743538.077 2006.458
500215.06 2743545.535 2006.863
500208.249 2743552.857 2006.918
500201.52 2743560.256 2007.173
500195.287 2743568.119 2008.614
500189.03 2743575.96 2009.998
500182.384 2743583.436 2010.449
500175.661 2743590.84 2010.715
500169.073 2743598.371 2011.305
500164.623 2743606.191 2011.473
500163.828 2743607.16 2011.638
500157.42 2743614.859 2012.806
500151.101 2743622.641 2014.217
500144.76 2743630.403 2015.569
500138.238 2743637.925 2016.314
500131.691 2743645.399 2016.917
500125.362 2743653.074 2018.067
500119.576 2743661.245 2020.647
500119.177 2743661.51 2020.419
500157.034 2743696.465 2091.472
500150.757 2743703.298 2091.472
500144.133 2743710.54 2091.472
500137.525 2743717.796 2091.472
500130.933 2743725.067 2091.472
500124.356 2743732.352 2091.472
499487.902 2744531.079 2013.829
499485.431 2744534.577 2012.891
499480 2744540.095 2011.472
499478.14 2744541.908 2011.23
499472.837 2744550.34 2010.186
499466.6 2744558.267 2007.246
499460.413 2744566.229 2004.374
499454.103 2744569.892 2001.242
499451.407 2744572.682 1999.667
499445.122 2744580.617 1996.991
499439.763 2744589.054 1995.862
499434.636 2744597.617 1995.095
499429.518 2744606.188 1994.314
499424.485 2744614.805 1993.644
499419.458 2744623.429 1992.954
499414.464 2744632.072 1992.29
499409.398 2744640.679 1991.472
499407.497 2744644.666 1991.268
499403.114 2744653.626 1990.982
499398.666 2744662.552 1990.836
499394.46 2744671.601 1990.32
499390.295 2744680.668 1989.766
499386.087 2744689.713 1989.32
499381.913 2744698.772 1988.849
499377.861 2744707.891 1988.21
499373.782 2744716.994 1987.649
499369.632 2744726.061 1987.24
499365.461 2744735.116 1986.901
499361.235 2744744.144 1986.687
499357.003 2744753.168 1986.515
499352.775 2744762.194 1986.37
499348.361 2744771.13 1986.568
499344.055 2744780.119 1986.619
499339.864 2744789.161 1986.513
499335.621 2744798.179 1986.524
499331.515 2744807.261 1986.342
499327.25 2744816.269 1986.457
499322.496 2744825.052 1987.41
499318.325 2744834.105 1987.435
499314.716 2744843.414 1986.565
499310.414 2744852.407 1986.869
499305.821 2744861.27 1987.685
499302.109 2744870.529 1987.086
499301.031 2744880.957 1982.196
499299.653 2744891.236 1977.841
499296.455 2744900.703 1976.508
499292.737 2744909.938 1976.064
499287.339 2744918.444 1978.398
499282.192 2744927.065 1980.35
499280.913 2744937.35 1976.02
499274.009 2744945.238 1980.894
499267.975 2744953.536 1984.333
499261.974 2744961.847 1987.719
499253.345 2744979.285 1993.586
499251.164 2744989.227 1996.43
499248.329 2744998.889 1998.205
499245.315 2745008.476 1999.692
499242.621 2745018.198 2001.698
499239.584 2745027.775 2003.146
499236.114 2745037.167 2003.888
499232.316 2745046.418 2004.095
499228.534 2745055.677 2004.328
499224.853 2745064.979 2004.725
499221.285 2745074.328 2005.307
499217.741 2745083.688 2005.927
499214.195 2745093.048 2006.545
499210.451 2745102.322 2006.84
499206.471 2745111.496 2006.749
499202.307 2745120.592 2006.359
499198.056 2745129.65 2005.827
499193.683 2745138.657 2005.097
499189.319 2745147.667 2004.38
499184.915 2745156.66 2003.598
499180.448 2745165.627 2002.715
499175.931 2745174.571 2001.748
499171.323 2745183.478 2000.635
499166.733 2745192.391 1999.55
499162.027 2745201.255 1998.274
499157.397 2745210.152 1997.125
499152.778 2745219.054 1995.993
499148.322 2745228.024 1995.125
499143.926 2745237.021 1994.358
499139.573 2745246.036 1993.659
499135.038 2745254.973 1992.664
499130.382 2745263.859 1991.472
499129.824 2745265.647 1991.189
499126.708 2745275.19 1989.87
499123.099 2745284.522 1989.355
499119.51 2745293.863 1988.807
499115.95 2745303.216 1988.213
499112.639 2745312.676 1987.212
499109.455 2745322.189 1986.004
499106.426 2745331.769 1984.544
499103.613 2745341.441 1982.73
499101.332 2745351.34 1980.05
499098.321 2745360.928 1978.559
499095.317 2745370.518 1977.057
499092.25 2745380.082 1975.659
499088.957 2745389.55 1974.628
499085.717 2745399.044 1973.507
499082.606 2745408.596 1972.171
499079.172 2745418.014 1971.353
499075.66 2745427.402 1970.657
499072.055 2745436.754 1970.101
499068.767 2745446.246 1969.014
499065.401 2745455.708 1968.041
499061.413 2745464.907 1968.069
499057.955 2745474.338 1967.213
499055.11 2745484.04 1965.336
499052.126 2745493.689 1963.664
499048.644 2745503.127 1962.783
499044.859 2745512.437 1962.373
499040.995 2745521.717 1962.067
499037.097 2745530.987 1961.789
499033.281 2745540.298 1961.347
499029.709 2745549.722 1960.474
499025.872 2745559.035 1960
499021.727 2745568.213 1960
499017.56 2745577.386 1960
499013.371 2745586.552 1960
499009.157 2745595.711 1960
499004.919 2745604.863 1960
499000.655 2745614.007 1960
498996.364 2745623.142 1960
498992.046 2745632.269 1960
498987.699 2745641.385 1960
498983.322 2745650.492 1960
498978.914 2745659.587 1960
498974.475 2745668.672 1960
498970.002 2745677.744 1960
498965.497 2745686.804 1960
498960.343 2745696.418 1960.07
498955.184 2745704.999 1960.828
498950.02 2745713.578 1961.593
498944.509 2745721.971 1962.949
498938.839 2745730.279 1964.576
498933.655 2745738.847 1965.375
498928.585 2745747.476 1965.981
498923.736 2745756.223 1966.211
498918.762 2745764.903 1966.653
498913.525 2745773.443 1967.543
498908.438 2745782.063 1968.178
498903.552 2745790.79 1968.47
498898.673 2745799.521 1968.751
498893.816 2745808.264 1968.995
498889.018 2745817.038 1969.138
498838.201 2745789.877 1966.771
