500254.22909 2743444.05541 1998.99161
500261.41000 2743438.24500 1997.08500
500268.83100 2743431.49700 1995.87600
500277.00500 2743425.45800 1993.11100
500284.36700 2743418.66500 1992.00000
500291.18000 2743411.36200 1992.00000
500297.98200 2743404.05300 1992.00000
500304.77100 2743396.73800 1992.00000
500311.54400 2743389.41300 1992.00000
500318.30000 2743382.07700 1992.00000
500324.43200 2743374.17600 1993.22700
500329.33064 2743367.89221 1994.14804
500326.02000 2743367.21500 1995.51800
500316.93600 2743371.61400 1992.83100
500316.44600 2743372.01300 1992.71500
500309.02900 2743379.03100 1992.00000
500302.03200 2743386.18000 1992.00000
500295.03600 2743393.32900 1992.00000
500288.03900 2743400.47800 1992.00000
500281.04300 2743407.62700 1992.00000
500274.11900 2743414.84300 1992.14900
500268.11300 2743422.91700 1994.18200
500265.12700 2743430.38700 1995.82800
500263.55000 2743432.33500 1996.22400
500257.09300 2743439.98700 1997.45700
500254.22909 2743444.05541 1998.99161
500397.23416 2743368.06505 2024.50072
500394.96900 2743370.07800 2023.75800
500387.66800 2743377.16200 2022.23700
500382.50800 2743379.34600 2021.44500
500378.85600 2743382.86800 2020.70300
500371.13800 2743389.52300 2018.13900
500363.06300 2743395.83000 2014.64200
500354.28200 2743399.76000 2011.02200
500353.23700 2743400.51000 2010.55500
500343.57500 2743400.18500 2001.24000
500339.45600 2743401.51600 1998.04000
500329.74700 2743406.21200 1992.09800
500322.89300 2743413.52700 1992.00000
500316.07800 2743420.87200 1992.00000
500309.25400 2743428.20400 1992.00000
500302.42300 2743435.52500 1992.00000
500295.59000 2743442.83800 1992.00000
500288.75400 2743450.14400 1992.00000
500282.03500 2743457.55500 1992.23900
500277.01900 2743466.55700 1995.97500
500270.67800 2743474.31900 1996.99000
500264.22300 2743481.97400 1997.76800
500257.71200 2743489.57700 1998.43200
500251.16200 2743497.14400 1999.01700
500244.86700 2743504.94800 2000.12500
500241.02800 2743513.34100 2001.53300
500240.29400 2743514.36600 2001.82200
500234.26100 2743522.41600 2003.74200
500228.11500 2743530.36100 2005.39300
500221.72500 2743538.07700 2006.45800
500215.06000 2743545.53500 2006.86300
500208.24900 2743552.85700 2006.91800
500201.52000 2743560.25600 2007.17300
500195.28700 2743568.11900 2008.61400
500189.03000 2743575.96000 2009.99800
500182.38400 2743583.43600 2010.44900
500175.66100 2743590.84000 2010.71500
500169.07300 2743598.37100 2011.30500
500164.62300 2743606.19100 2011.47300
500163.82800 2743607.16000 2011.63800
500157.42000 2743614.85900 2012.80600
500151.10100 2743622.64100 2014.21700
500144.76000 2743630.40300 2015.56900
500138.23800 2743637.92500 2016.31400
500131.69100 2743645.39900 2016.91700
500125.36200 2743653.07400 2018.06700
500119.57600 2743661.24500 2020.64700
500119.17700 2743661.51000 2020.41900
500157.03400 2743696.46500 2091.47200
500150.75700 2743703.29800 2091.47200
500144.13300 2743710.54000 2091.47200
500137.52500 2743717.79600 2091.47200
500130.93300 2743725.06700 2091.47200
500124.35600 2743732.35200 2091.47200
500108.07900 2743752.78000 2089.48600
499958.28900 2743752.78000 2031.72800
499958.97721 2743751.78000 2031.75473
499919.96600 2743751.78000 2026.38400
500003.39400 2743627.82600 2029.17900
500010.84000 2743620.96400 2027.08800
500011.06800 2743620.74600 2027.03500
500015.74100 2743611.76400 2035.95800
500023.07800 2743604.80100 2034.26400
500030.96900 2743598.35800 2031.10000
500038.85500 2743591.97100 2027.91300
500048.57800 2743587.36600 2019.61500
500056.20700 2743580.80700 2017.04500
500062.56700 2743573.06400 2017.94700
500069.10600 2743565.48900 2018.35700
500075.90200 2743558.15300 2018.06500
500082.92200 2743551.02600 2017.16100
500090.91400 2743544.80500 2013.60100
500091.91500 2743544.03000 2013.14700
500097.00600 2743536.81300 2018.41600
500105.27300 2743530.84900 2014.59600
500113.28600 2743524.64900 2011.38300
500120.62800 2743517.82200 2009.77700
500127.77600 2743510.81400 2008.63600
500134.75100 2743503.64500 2007.90500
500141.76400 2743496.51200 2007.08700
500148.85900 2743489.45500 2006.07000
500155.92200 2743482.36700 2005.13300
500162.51200 2743474.84000 2005.32500
500169.02900 2743467.24400 2005.69200
500175.81800 2743459.90100 2005.41000
500183.00500 2743452.93000 2004.17300
500190.39700 2743446.15000 2002.44700
500197.84200 2743439.41900 2000.59300
500205.14800 2743432.55900 1999.07200
500210.84500 2743427.61700 1997.41300
500211.74700 2743425.03900 2001.91600
500219.02400 2743418.15300 2000.61900
500226.33100 2743411.29300 1999.26200
500233.70400 2743404.49500 1997.77100
500241.17200 2743397.78600 1996.08400
500248.73300 2743391.16400 1994.20500
500256.38300 2743384.62500 1992.14500
500263.09900 2743377.21400 1992.00000
500269.74500 2743369.73800 1992.00000
500276.39000 2743362.26200 1992.00000
500282.93100 2743354.68800 1992.21400
500289.16800 2743347.09200 1992.66800
500295.50400 2743339.33700 1993.13800
500301.84100 2743331.58100 1993.60700
500308.20400 2743323.84900 1994.02200
500315.67500 2743317.13000 1991.54100
500316.09600 2743317.09100 1991.53000
500320.02500 2743307.55900 1994.11100
500325.76900 2743299.26200 1996.12200
500331.57900 2743291.02500 1997.98400
500337.47500 2743282.86700 1999.65000
500343.27600 2743274.62100 2001.55100
500349.30000 2743266.58000 2002.93200
500355.48400 2743258.68500 2003.94300
500361.68400 2743250.80400 2004.92600
500368.15600 2743243.17200 2005.27400
500372.74600 2743237.89100 2005.37200
500399.05341 2743261.92456 2015.11364
500402.31300 2743258.29000 2014.60800
500405.75900 2743254.67000 2013.79500
500494.39600 2743326.23900 2091.47200
500491.26600 2743330.11400 2091.47200
500484.98400 2743337.89500 2091.47200
500478.26900 2743346.19800 2091.47200
500471.57400 2743354.30300 2091.47200
500464.84700 2743362.35000 2091.47200
500458.09100 2743370.33900 2091.47200
500451.31000 2743378.27300 2091.47200
500444.50400 2743386.15400 2091.47200
500414.02481 2743362.89471 2037.60793
500412.30700 2743364.77500 2080.46600
500405.56200 2743372.15800 2080.82100
500403.82300 2743374.06100 2080.91400
