497542.7809847 2747049.4517341 1968.5642770
497552.8973180 2747042.9972937 1968.4034513
497561.3275957 2747037.6185934 1968.2794442
497569.7578735 2747032.2398931 1968.1645405
497580.7172346 2747025.2475827 1968.0287750
497589.1475123 2747019.8688824 1967.9348084
497600.9499012 2747012.3387020 1967.8185475
497609.3801789 2747006.9600017 1967.7464268
497617.8104567 2747001.5813013 1967.6834084
497626.2407344 2746996.2026010 1967.6294919
497631.2989011 2746992.9753809 1967.6015110
497639.7291788 2746987.5966805 1967.5621575
497648.1594566 2746982.2179802 1967.5319058
497656.5897344 2746976.8392799 1967.5107557
497665.0200121 2746971.4605796 1967.4987072
497673.4502899 2746966.0818793 1967.4957603
497681.8805676 2746960.7031790 1967.5019150
497686.9387343 2746957.4759588 1967.5099765
497697.3846753 2746951.5381275 1967.4505836
497687.3072632 2746958.0535708 1966.9422193
497682.2685501 2746961.3112814 1966.6930394
497673.8610166 2746966.7256297 1966.4049799
497665.4519512 2746972.1375770 1966.1450093
497657.0343449 2746977.5361380 1966.0000000
497648.6057736 2746982.9175128 1966.0000000
497640.1779365 2746988.3000385 1966.0000000
497631.7205499 2746993.6362499 1966.3753562
497626.6509832 2746996.8456022 1966.5446364
497618.2233564 2747002.2284575 1966.5656954
497609.7860293 2747007.5961091 1966.7160865
497601.3461296 2747012.9597286 1966.9074668
497589.5282460 2747020.4656233 1967.2157788
497581.0871743 2747025.8274057 1967.4435323
497570.1147725 2747032.7992769 1967.7409315
497561.6750348 2747038.1631502 1967.9730868
497553.2520923 2747043.5533474 1968.0061768
497542.7809847 2747049.4517341 1968.5642770