497399.6835992 2747130.0751691 1978.0764698
497408.1138770 2747124.6964688 1977.7921699
497416.5441547 2747119.3177685 1977.5169823
497424.9744325 2747113.9390682 1977.2509062
497433.4047102 2747108.5603679 1976.9939410
497441.8349880 2747103.1816676 1976.7460861
497450.2652657 2747097.8029673 1976.5073408
497458.6955435 2747092.4242670 1976.2777046
497467.1258213 2747087.0455667 1976.0571768
497475.5560990 2747081.6668664 1975.8457570
497483.9863768 2747076.2881660 1975.6434446
497492.4166545 2747070.9094657 1975.4502391
497500.8469323 2747065.5307654 1975.2661400
497509.2772100 2747060.1520651 1975.0911468
497517.7074878 2747054.7733648 1974.9252592
497526.1377655 2747049.3946645 1974.7684767
497534.5680433 2747044.0159642 1974.6207989
497537.9401544 2747041.8644841 1974.5642770
497542.9983210 2747038.6372639 1974.4822254
497548.0564877 2747035.4100437 1974.4034513
497551.4285988 2747033.2585636 1974.3527560
497556.4867655 2747030.0313434 1974.2794442
497559.8588766 2747027.8798633 1974.2323903
497564.9170432 2747024.6526431 1974.1645405
497568.2891543 2747022.5011630 1974.1211279
497575.8764043 2747017.6603327 1974.0287750
497576.7194321 2747017.1224627 1974.0189687
497584.3066820 2747012.2816324 1973.9348084
497585.1497098 2747011.7437624 1973.9259123
497593.5799876 2747006.3650621 1973.8419586
497596.1090709 2747004.7514520 1973.8185475
497602.0102653 2747000.9863618 1973.7671073
497604.5393487 2746999.3727517 1973.7464268
497610.4405431 2746995.6076615 1973.7013582
497612.9696264 2746993.9940514 1973.6834084
497618.8708208 2746990.2289612 1973.6447112
497621.3999042 2746988.6153511 1973.6294919
497626.4580708 2746985.3881309 1973.6015110
497627.3010986 2746984.8502608 1973.5971661
497634.8883486 2746980.0094306 1973.5621575
497635.7313763 2746979.4715605 1973.5587228
497636.3575778 2746979.0720304 1973.5562304
497638.8866611 2746977.4584203 1973.5466750
497641.4157444 2746975.8448102 1973.5379389
497643.3186263 2746974.6307303 1973.5319058
497644.1616541 2746974.0928602 1973.5293812
497649.8460222 2746970.4661099 1973.5147344
497651.7489041 2746969.2520300 1973.5107557
497652.5919319 2746968.7141599 1973.5091413
497658.2763000 2746965.0874096 1973.5006315
497660.1791818 2746963.8733297 1973.4987072
497661.0222096 2746963.3354596 1973.4980030
497666.7065777 2746959.7087093 1973.4956302
497668.6094596 2746958.4946293 1973.4957603
497669.4524874 2746957.9567593 1973.4959662
497675.1368555 2746954.3300090 1973.4997304
497677.0397373 2746953.1159290 1973.5019150
497677.8827651 2746952.5780590 1973.5030310
497682.0979040 2746949.8887089 1973.5099765
497683.5671332 2746948.9513087 1973.5129322
497686.3130429 2746947.1993587 1973.5191974
497691.9974110 2746943.5726084 1973.5352356
497692.2142373 2746943.4342685 1973.5359293
497694.7433206 2746941.8206584 1973.5444654
497697.0555776 2746940.3453882 1973.5529864
497703.1735984 2746936.4419581 1973.5788350
497707.1719109 2746933.8909478 1973.5983179
497711.6038761 2746931.0632578 1973.6223065
497720.0341539 2746925.6845575 1973.6748798
497728.4644316 2746920.3058572 1973.7365551
497736.8947094 2746914.9271569 1973.8073326
497745.3249872 2746909.5484566 1973.8872124
497753.7552649 2746904.1697563 1973.9761947
497762.1855427 2746898.7910560 1974.0742798
497770.6158204 2746893.4123556 1974.1814679
497779.0460982 2746888.0336553 1974.2977592
497787.4763759 2746882.6549550 1974.4231541
497795.9066537 2746877.2762547 1974.5576529
497804.3369314 2746871.8975544 1974.7012558
497812.7672092 2746866.5188541 1974.8539633
497821.1974869 2746861.1401538 1975.0157758
497829.6277647 2746855.7614535 1975.1866936
497838.0580425 2746850.3827532 1975.3667171
497846.4887943 2746845.0035500 1975.5517072
497854.9201964 2746839.6225868 1975.7367071
497863.3516059 2746834.2388528 1975.9217070
497871.7823769 2746828.8513380 1976.1067069
497880.2118617 2746823.4590320 1976.2917069
497888.6394111 2746818.0609255 1976.4767068
497897.0643739 2746812.6560099 1976.6617067
497897.1484821 2746812.7870003 1976.5579277
497889.0248161 2746818.6621766 1976.0005929
497880.5141858 2746823.9313506 1975.9178472
497872.3226074 2746829.6963265 1975.4380916
497864.1623489 2746835.5081110 1974.9176441
497856.0009379 2746841.3156344 1974.3976506
497847.7408247 2746846.9656814 1974.0000000
497839.1607167 2746852.1110240 1974.0000000
497830.5851951 2746857.2620770 1974.0000000
497822.0170200 2746862.4246446 1974.0000000
497813.4561911 2746867.5987264 1974.0000000
497804.9027082 2746872.7843216 1974.0000000
497796.3565708 2746877.9814300 1974.0000000
497787.8177788 2746883.1900510 1974.0000000
497779.3051897 2746888.4397411 1973.9766264
497771.3114824 2746894.5026979 1973.3192248
497763.3507999 2746900.6174158 1972.6299938
497755.4524068 2746906.8297627 1971.8726607
497747.4577311 2746912.8912016 1971.2437684
497739.4879244 2746918.9916187 1970.5931547
497731.5773571 2746925.1848846 1969.8782184
497723.7670926 2746931.5353594 1969.0480635
497716.0071818 2746937.9647559 1968.1645993
497711.6886621 2746940.9702541 1968.0000000
497707.6859252 2746943.5143298 1967.9860009
497701.7871933 2746947.7614613 1967.6883532
497699.5609875 2746949.3716034 1967.5731754
497697.0550676 2746951.0215185 1967.5359293
497696.8382413 2746951.1598584 1967.5352356
497691.1538732 2746954.7866087 1967.5191974
497688.4079635 2746956.5385587 1967.5129322
497686.9387343 2746957.4759588 1967.5099765
497682.7235954 2746960.1653090 1967.5030310
497681.8805676 2746960.7031790 1967.5019150
497679.9776857 2746961.9172590 1967.4997304
497674.2933176 2746965.5440093 1967.4959662
497673.4502899 2746966.0818793 1967.4957603
497671.5474080 2746967.2959593 1967.4956302
497665.8630399 2746970.9227096 1967.4980030
497665.0200121 2746971.4605796 1967.4987072
497663.1171302 2746972.6746596 1967.5006315
497657.4327621 2746976.3014099 1967.5091413
497656.5897344 2746976.8392799 1967.5107557
497654.6868525 2746978.0533599 1967.5147344
497649.0024844 2746981.6801102 1967.5293812
497648.1594566 2746982.2179802 1967.5319058
497646.2565747 2746983.4320602 1967.5379389
497643.7274914 2746985.0456703 1967.5466750
497641.1984081 2746986.6592804 1967.5562304
497640.5722066 2746987.0588105 1967.5587228
497639.7291788 2746987.5966805 1967.5621575
497632.1419289 2746992.4375108 1967.5971661
497631.2989011 2746992.9753809 1967.6015110
497626.2407344 2746996.2026010 1967.6294919
497623.7116511 2746997.8162111 1967.6447112
497617.8104567 2747001.5813013 1967.6834084
497615.2813734 2747003.1949114 1967.7013582
497609.3801789 2747006.9600017 1967.7464268
497606.8510956 2747008.5736117 1967.7671073
497600.9499012 2747012.3387020 1967.8185475
497598.4208179 2747013.9523120 1967.8419586
497589.9905401 2747019.3310124 1967.9259123
497589.1475123 2747019.8688824 1967.9348084
497581.5602623 2747024.7097127 1968.0189687
497580.7172346 2747025.2475827 1968.0287750
497573.1299846 2747030.0884130 1968.1211279
497569.7578735 2747032.2398931 1968.1645405
497564.6997068 2747035.4671133 1968.2323903
497561.3275957 2747037.6185934 1968.2794442
497556.2694291 2747040.8458136 1968.3527560
497552.8973180 2747042.9972937 1968.4034513
497542.7809847 2747049.4517341 1968.5642770
497539.3112322 2747051.4501766 1968.7418211
497530.5132845 2747056.2526112 1969.3452100
497521.7130936 2747061.0515302 1969.9604838
497513.3847730 2747066.5900324 1970.0000000
497505.0255157 2747072.0800464 1970.0869663
497496.4727635 2747077.2667869 1970.4228672
497487.9194368 2747082.4526271 1970.7685866
497479.3177164 2747087.5626176 1971.1833948
497470.6841416 2747092.6226815 1971.6467924
497461.9709280 2747097.5579237 1972.2180070
497452.7597011 2747101.7126075 1973.4155960
497444.0505441 2747106.6542079 1974.0000000
497435.3349906 2747111.5857826 1974.6014419
497426.7291336 2747116.6892898 1975.0760300
497418.1135207 2747121.7775061 1975.5718209
497409.2732356 2747126.5135834 1976.3551950
497400.0241026 2747130.6088552 1977.6544306
497399.6835992 2747130.0751691 1978.0764698