497905.4860964 2746807.2432772 1976.8467066
497913.9039222 2746801.8217209 1977.0317065
497922.3171915 2746796.3903357 1977.2167064
497930.7252411 2746790.9481179 1977.4017063
497939.1274040 2746785.4940661 1977.5867062
497947.5230088 2746780.0271805 1977.7717061
497955.9113795 2746774.5464639 1977.9567060
497964.2918353 2746769.0509220 1978.1417060
497972.6636900 2746763.5395630 1978.3267059
497981.0262516 2746758.0113985 1978.5117058
497989.3788224 2746752.4654434 1978.6967057
497997.7206979 2746746.9007161 1978.8817056
498006.0511674 2746741.3162394 1979.0667055
498014.3695127 2746735.7110398 1979.2517054
498022.6750084 2746730.0841486 1979.4367053
498030.9669216 2746724.4346020 1979.6217052
498039.2445109 2746718.7614408 1979.8067051
498047.5070267 2746713.0637113 1979.9917051
498048.3137644 2746714.2299135 1980.6037354
498041.3932435 2746721.8871233 1982.0020467
498034.0430060 2746728.9362978 1982.9232377
498026.3314679 2746735.4662009 1983.4411227
498018.0217486 2746741.1166959 1983.2675710
498009.6761871 2746746.7100415 1983.0658782
498001.6109050 2746752.7183236 1983.2140040
497993.1649142 2746758.1545139 1982.9191996
497984.5811512 2746763.3773515 1982.4694880
497975.7531262 2746768.2229326 1981.7337568
497967.0344902 2746773.2253771 1981.1382529
497958.3073970 2746778.2071067 1980.5400836
497949.5291766 2746783.1030090 1979.8865404
497940.6747880 2746787.8742405 1979.1460051
497931.9406785 2746792.8233154 1978.5581387
497923.2560455 2746797.8427942 1978.0363562
497914.5263865 2746802.7871013 1977.4641469
497905.9169807 2746807.9130227 1977.0442930
497905.4860964 2746807.2432772 1976.8467066