498050.7843641 2746710.7936728 1980.0651829
498055.7537108 2746707.3404657 1980.1767050
498063.9837955 2746701.5907616 1980.3617049
498072.1965046 2746695.8136634 1980.5467048
498080.3910517 2746690.0082425 1980.7317047
498088.5666401 2746684.1735758 1980.9167046
498096.7223522 2746678.3088490 1981.1017045
498104.8567912 2746672.4142602 1981.2867044
498106.6260096 2746674.8463912 1979.2816669
498098.4685355 2746680.7278414 1979.1127706
498090.1764806 2746686.4208595 1979.0737758
498081.7070697 2746691.8591143 1979.2176770
498073.3211604 2746697.4068664 1979.2465943
498064.8829566 2746702.8734550 1979.3173990
498056.2296454 2746708.0240041 1979.6214319
498050.7851194 2746710.7947619 1980.0642993
498050.7843641 2746710.7936728 1980.0651829