498192.8871117 2746605.6326659 1983.0746688
498200.7554086 2746599.3872533 1983.2077426
498208.6008372 2746593.1131379 1983.3358672
498216.4232929 2746586.8104034 1983.4590427
498224.2226712 2746580.4791340 1983.5772693
498231.9988681 2746574.1194142 1983.6905470
498239.7517799 2746567.7313289 1983.7988759
498247.4813029 2746561.3149632 1983.9022561
498255.1873341 2746554.8704029 1984.0006876
498262.8697707 2746548.3977340 1984.0941705
498270.5285100 2746541.8970428 1984.1827050
498278.1634499 2746535.3684160 1984.2662910
498285.7744885 2746528.8119409 1984.3449286
498293.3615242 2746522.2277049 1984.4186179
498300.9244558 2746515.6157959 1984.4873590
498308.4631823 2746508.9763022 1984.5511518
498315.9776031 2746502.3093123 1984.6099964
498323.4676179 2746495.6149152 1984.6638930
498330.9331268 2746488.8932003 1984.7128414
498338.3740302 2746482.1442572 1984.7568418
498345.7902286 2746475.3681761 1984.7958942
498353.1816232 2746468.5650474 1984.8299985
498360.5481153 2746461.7349618 1984.8591550
498367.8896066 2746454.8780106 1984.8833634
498375.2059991 2746447.9942852 1984.9026240
498382.4971952 2746441.0838775 1984.9169366
498389.7630975 2746434.1468798 1984.9263013
498397.0036091 2746427.1833845 1984.9307182
498404.2186334 2746420.1934847 1984.9301871
498411.4080741 2746413.1772737 1984.9247082
498418.5718351 2746406.1348450 1984.9142813
498425.7098210 2746399.0662926 1984.8989066
498432.8219364 2746391.9717110 1984.8785839
498439.9080865 2746384.8511947 1984.8533133
498446.9681766 2746377.7048389 1984.8230948
498454.0021126 2746370.5327388 1984.7879283
498461.0098005 2746363.3349902 1984.7478138
498467.9911469 2746356.1116892 1984.7027513
498474.9460585 2746348.8629322 1984.6527407
498481.8744426 2746341.5888158 1984.5977820
498488.7762066 2746334.2894373 1984.5378752
498495.6512586 2746326.9648939 1984.4730202
498502.4995066 2746319.6152835 1984.4032169
498509.3208594 2746312.2407041 1984.3284654
498514.4191692 2746306.6934429 1984.2691545
498516.1152258 2746304.8412542 1984.2487656
498522.8825153 2746297.4170325 1984.1641174
498529.6226375 2746289.9681381 1984.0745207
498531.3034126 2746288.1020711 1984.0513483
498536.3355024 2746282.4946704 1983.9799755
498543.0210204 2746274.9967292 1983.8804817
498549.6791024 2746267.4744144 1983.7760392
498556.3096594 2746259.9278266 1983.6666480
498562.9126030 2746252.3570664 1983.5523080
498569.4878451 2746244.7622349 1983.4330191
498576.0352979 2746237.1434333 1983.3087812
498582.5548740 2746229.5007635 1983.1795942
498589.0464864 2746221.8343274 1983.0454581
498595.5100485 2746214.1442273 1982.9063726
498601.9454740 2746206.4305658 1982.7623378
498608.3526770 2746198.6934459 1982.6133535
498614.7315720 2746190.9329709 1982.4594196
498615.2072644 2746191.3225231 1982.5359828
498609.2973144 2746199.4728073 1983.0964470
498603.4145292 2746207.6516387 1983.7025197
498597.4910300 2746215.8030855 1984.2955824
498591.5184582 2746223.9197473 1984.8682138
498585.5191832 2746232.0201259 1985.4397841
498579.4778388 2746240.0909723 1985.9967849
498573.3852205 2746248.1239610 1986.5309627
498567.2662025 2746256.1401395 1987.0640565
498561.1127043 2746264.1323404 1987.5888824
498555.0819002 2746272.2389174 1988.2450532
498549.6724121 2746280.9056505 1989.4784725
498545.3771736 2746290.5863453 1991.7357850
498544.9293612 2746300.3637594 1994.5260483
498544.0442118 2746302.9696489 1995.1699669
498538.1107498 2746311.2469543 1995.9189720
498529.1586382 2746316.7742135 1994.3507132
498525.6371175 2746316.9751857 1994.0804771
498519.1375877 2746321.2877836 1992.8950148
498511.1532599 2746327.6492301 1991.9419649
498503.8321184 2746334.6156515 1991.6069654
498496.3475308 2746341.4221846 1991.1391903
498488.7917788 2746348.1533211 1990.6220258
498481.1387410 2746354.7828931 1990.0308093
498473.5187410 2746361.4346348 1989.4853211
498466.0001658 2746368.1758578 1989.0495039
498458.5936375 2746375.0193877 1988.7343727
498451.1972516 2746381.8676267 1988.4458469
498443.8547976 2746388.7645349 1988.2252771
498436.5602336 2746395.7055816 1988.0676649
498429.3414734 2746402.7202449 1988.0000563
498422.1738579 2746409.7855634 1988.0000000
498414.9857919 2746416.8299532 1988.0000000
498407.7772541 2746423.8533178 1988.0000000
498400.5482828 2746430.8556204 1988.0000000
498393.2989159 2746437.8368241 1988.0000000
498386.0291915 2746444.7968921 1988.0000000
498378.8921101 2746451.8977703 1988.1485277
498372.1330091 2746459.4046655 1988.6864305
498365.3501598 2746466.8952015 1989.2251220
498358.6932204 2746474.5313239 1989.9116304
498352.0819037 2746482.2289998 1990.6685106
498345.5251306 2746489.9996685 1991.5054330
498338.9116720 2746497.7221293 1992.3127622
498332.2194627 2746505.3709773 1993.0681041
498325.5095680 2746513.0134221 1993.8320297
498318.1813090 2746519.9700701 1994.0000000
498310.6654680 2746526.7169177 1994.0000000
498303.1296415 2746533.4420905 1994.0000000
498295.4157662 2746539.9626963 1993.8388495
498286.6939904 2746545.3076920 1992.6650015
498278.2870176 2746551.0038991 1991.8251481
498270.2850237 2746557.1663722 1991.4166264
498262.2251173 2746563.2546081 1990.9650035
498254.1277037 2746569.2919068 1990.4909094
498245.9988183 2746575.2849026 1990.0003031
498237.5694647 2746580.9053980 1989.2102707
498229.1033919 2746586.4692133 1988.3950948
498220.2585656 2746591.5526842 1987.1917500
498211.2551919 2746596.4198579 1985.8293889
498202.6506359 2746601.7660236 1984.9020444
498194.0032380 2746607.0441068 1983.9409471
498192.8871117 2746605.6326659 1983.0746688