498621.0820739 2746183.1492443 1982.3005360
498627.4040980 2746175.3423700 1982.1367025
498633.6975598 2746167.5124522 1981.9679192
498639.9623754 2746159.6595953 1981.7941857
498646.1984611 2746151.7839043 1981.6155021
498652.4057338 2746143.8854842 1981.4318681
498658.5841105 2746135.9644404 1981.2432837
498664.7335089 2746128.0208786 1981.0497487
498670.8538469 2746120.0549048 1980.8512629
498676.9450427 2746112.0666254 1980.6478263
498683.0070151 2746104.0561470 1980.4394386
498689.0396832 2746096.0235764 1980.2260997
498695.0429665 2746087.9690209 1980.0078094
498701.0167848 2746079.8925879 1979.7845677
498706.9610585 2746071.7943854 1979.5563743
498712.8757082 2746063.6745212 1979.3232290
498718.7606549 2746055.5331039 1979.0851318
498724.6158202 2746047.3702420 1978.8420823
498730.4411258 2746039.1860445 1978.5940805
498736.2364941 2746030.9806206 1978.3411261
498742.0018476 2746022.7540798 1978.0832190
498747.7371095 2746014.5065320 1977.8203590
498753.4422033 2746006.2380871 1977.5525459
498759.1170526 2745997.9488556 1977.2797794
498764.7615820 2745989.6389481 1977.0020594
498770.3757159 2745981.3084754 1976.7193857
498775.9593795 2745972.9575488 1976.4317593
498781.5124982 2745964.5862797 1976.1458158
498787.0349980 2745956.1947798 1975.8682148
498792.5268051 2745947.7831611 1975.5989565
498797.9878463 2745939.3515358 1975.3380403
498803.4180486 2745930.9000166 1975.0854657
498808.8173397 2745922.4287162 1974.8412321
498814.1856473 2745913.9377476 1974.6053391
498819.5229000 2745905.4272242 1974.3777861
498824.8290264 2745896.8972596 1974.1585727
498830.1039558 2745888.3479675 1973.9476984
498835.3476177 2745879.7794621 1973.7451628
498840.5599421 2745871.1918578 1973.5509654
498845.7408596 2745862.5852691 1973.3651059
498850.8903009 2745853.9598110 1973.1875838
498856.0081974 2745845.3155984 1973.0183989
498861.0944807 2745836.6527469 1972.8575507
498866.1490830 2745827.9713720 1972.7050388
498871.1719367 2745819.2715895 1972.5608631
498876.1629749 2745810.5535156 1972.4250231
498881.1221309 2745801.8172667 1972.2975187
498885.3992959 2745794.2222030 1972.1936374
498886.0493386 2745793.0629592 1972.1783495
498890.2987288 2745785.4523209 1972.0817004
498890.9445323 2745784.2907101 1972.0675153
498895.1660909 2745776.6645988 1971.9780983
498895.8076464 2745775.5006365 1971.9650158
498898.5541274 2745770.5026412 1971.9105358
498900.6386163 2745766.6928556 1971.8708509
498902.8870010 2745762.5674288 1971.8296706
498905.4373774 2745757.8674849 1971.7850203
498905.7610788 2745757.2693912 1971.7795109
498910.2038656 2745749.0246424 1971.7075239
498910.3095339 2745748.8277259 1971.7058947
498912.8954066 2745743.9968475 1971.6672379
498914.5710794 2745740.8539802 1971.6434403
498914.9380173 2745740.1644459 1971.6383615
498918.5504359 2745733.3507887 1971.5909204
498918.8063852 2745732.8662662 1971.5877364
498919.6397694 2745731.2870137 1971.5775330
498921.3604354 2745728.0184883 1971.5572619
498923.0154054 2745724.8646702 1971.5387829
498924.3090592 2745722.3924644 1971.5250382
498925.8067933 2745719.5226034 1971.5098973
498926.9453369 2745717.3354738 1971.4989453
498927.1980946 2745716.8492788 1971.4965796
498928.5864652 2745714.1744309 1971.4840119
498928.9458242 2745713.4809166 1971.4808770
498932.4833522 2745706.6280786 1971.4526291
498932.7339760 2745706.1407802 1971.4508088
498933.5500026 2745704.5524892 1971.4450493
498936.8550508 2745698.0935365 1971.4243559
498937.9743748 2745695.8965086 1971.4183130
498938.1215330 2745695.6073014 1971.4175552
498940.9496450 2745690.0327866 1971.4046530
498942.5142537 2745686.9352155 1971.3988831
498942.6603543 2745686.6454726 1971.3983944
498945.4680826 2745681.0606633 1971.3906777
498947.0213649 2745677.9573971 1971.3877865
498947.1664061 2745677.6671224 1971.3875670
498949.9537132 2745672.0720932 1971.3850356
498951.4956482 2745668.9631732 1971.3850232
498951.6396280 2745668.6723706 1971.3850729
498954.4064768 2745663.0671962 1971.3877270
498955.9370441 2745659.9526639 1971.3905933
498956.0799606 2745659.6613373 1971.3909122
498958.8263141 2745654.0460924 1971.3987516
498960.3454931 2745650.9259895 1971.4044967
498960.4873444 2745650.6341427 1971.4050848
498963.2131660 2745645.0089023 1971.4181096
498964.7209365 2745641.8832703 1971.4267335
498964.8617206 2745641.5909073 1971.4275908
498967.5669739 2745635.9557465 1971.4458010
498969.0633158 2745632.8246271 1971.4573037
498969.2030310 2745632.5317517 1971.4584302
498971.8876799 2745626.8867457 1971.4818259
498973.3725732 2745623.7501809 1971.4962075
498973.5112175 2745623.4567970 1971.4976031
498976.1752261 2745617.8020211 1971.5261843
498977.6486510 2745614.6600525 1971.5434447
498977.7862226 2745614.3661641 1971.5451095
498980.4295555 2745608.7016938 1971.5788764
498981.8914923 2745605.5543635 1971.5990157
498982.0279893 2745605.2599745 1971.6009497
498984.6506111 2745599.5858854 1971.6399022
498986.1010279 2745596.4332681 1971.6629204
498986.2364448 2745596.1383931 1971.6651236
498988.8382213 2745590.4552888 1971.7092618
498990.2771076 2745587.2979469 1971.7351590
498990.4114522 2745587.0026349 1971.7376314
498992.9927871 2745581.3112395 1971.7869555
498994.4205011 2745578.1493974 1971.8157317
498994.5538075 2745577.8536684 1971.8184733
498997.1153581 2745572.1543625 1971.8729833
498998.5322656 2745568.9882296 1971.9046387
498998.6645679 2745568.6921030 1971.9076495
499001.2069939 2745562.9852599 1971.9673455
499002.6134616 2745559.8150414 1972.0018800
499002.7447943 2745559.5185363 1972.0051600
499005.2687576 2745553.8045222 1972.0700422
499006.6651539 2745550.6304196 1972.1074560
499006.7955514 2745550.3335549 1972.1110052
499009.3017175 2745544.6127296 1972.1810737
499010.6884127 2745541.4349412 1972.2213668
499010.8179096 2745541.1377353 1972.2251853
499013.3069467 2745535.4104523 1972.3004402
499014.6843121 2745532.2291725 1972.3436127
499014.8129432 2745531.9316436 1972.3477004
499017.2855215 2745526.1982503 1972.4281420
499018.6539301 2745523.0136705 1972.4741939
499018.7817302 2745522.7158363 1972.4785509
499019.6603217 2745520.6663947 1972.5087640
499022.7253528 2745513.4908606 1972.6177370
499023.2057718 2745512.3625406 1972.6353237
499024.1693030 2745510.0966561 1972.6710115
499026.5186526 2745504.5556468 1972.7603634
499026.6448960 2745504.2572544 1972.7652590
499027.1224460 2745503.1279158 1972.7838648
499028.8597127 2745499.0117152 1972.8527164
499030.0272079 2745496.2386889 1972.9000183
499030.5414484 2745495.0155473 1972.9211172
499031.1927191 2745493.4649743 1972.9480705
499031.4044292 2745492.9605662 1972.9568883
499032.3562759 2745490.6905854 1972.9968730
499033.5179078 2745487.9155360 1973.0464258
499033.7289189 2745487.4108883 1973.0555164
499034.4161019 2745485.7662605 1973.0853119
499034.6776444 2745485.1398401 1973.0967289
499035.8355152 2745482.3635114 1973.1477823
499036.0458488 2745481.8586340 1973.1571458
499036.9915498 2745479.5865635 1973.1995860
499038.2699506 2745476.5099073 1973.2578435
499039.5075869 2745473.5256618 1973.3152173
499040.6579764 2745470.7468347 1973.3694086
499042.1040919 2745467.2469938 1973.4387124
499045.9196254 2745457.9780188 1973.6279188
499049.7176527 2745448.7034745 1973.8254633
499053.4992779 2745439.4238468 1974.0313462
499057.2656068 2745430.1396158 1974.2455680
499061.0177467 2745420.8512560 1974.4681290
499064.7568067 2745411.5592368 1974.6990298
499068.4838971 2745402.2640230 1974.9382709
499072.2001294 2745392.9660750 1975.1858527
499075.9066162 2745383.6658495 1975.4417752
499076.6544692 2745383.9635032 1974.9051678
499073.8813121 2745393.6370131 1973.9791062
499071.8835762 2745403.6249234 1972.4969718
499069.1145713 2745413.3095695 1971.5682666
499065.8796182 2745422.8113424 1970.9733880
499062.4438166 2745432.2357136 1970.5213241
499058.8181953 2745441.5863626 1970.2035324
499055.0297370 2745450.8734149 1970.0000000
499051.9399715 2745460.4496993 1969.2892671
499049.6778749 2745470.3731555 1967.9763125
499048.9746017 2745474.1868554 1967.3694086
499047.8221366 2745476.9706962 1967.3152173
499046.5822260 2745479.9604257 1967.2578435
499045.3014312 2745483.0428436 1967.1995860
499044.3539298 2745485.3192394 1967.1571458
499044.1431924 2745485.8250861 1967.1477823
499042.9830767 2745488.6067975 1967.0967289
499042.7210220 2745489.2344447 1967.0853119
499042.0324841 2745490.8823152 1967.0555164
499041.8210543 2745491.3879642 1967.0464258
499040.6570955 2745494.1685723 1966.9968730
499039.7033143 2745496.4431666 1966.9568883
499039.4911705 2745496.9486079 1966.9480705
499038.8385580 2745498.5023756 1966.9211172
499038.3232497 2745499.7280569 1966.9000183
499037.1533032 2745502.5069055 1966.8527164
499035.4123196 2745506.6319129 1966.7838648
499034.9337334 2745507.7637020 1966.7652590
499034.8072149 2745508.0627444 1966.7603634
499032.4526684 2745513.6160109 1966.6710115
499031.4869620 2745515.8870104 1966.6353237
499031.0054491 2745517.0178997 1966.6177370
499027.9332908 2745524.2101189 1966.5087640
499027.0526093 2745526.2644358 1966.4785509
499026.9245034 2745526.5629825 1966.4741939
499025.5527932 2745529.7552458 1966.4281420
499023.0741213 2745535.5027689 1966.3477004
499022.9451687 2745535.8010416 1966.3436127
499021.5643326 2745538.9903374 1966.3004402
499019.0688948 2745544.7323482 1966.2251853
499018.9390604 2745545.0303288 1966.2213668
499017.5487227 2745548.2164646 1966.1810737
499015.0358436 2745553.9526134 1966.1110052
499014.9050922 2745554.2502837 1966.1074560
499013.5048785 2745557.4330635 1966.0700422
499010.9738845 2745563.1629942 1966.0051600
499010.8421814 2745563.4603356 1966.0018800
499009.4317182 2745566.6395599 1965.9673455
499006.8819382 2745572.3629099 1965.9076495
499006.7492485 2745572.6599034 1965.9046387
499005.3281644 2745575.8353690 1965.8729833
499002.7589307 2745581.5517694 1965.8184733
499002.6252198 2745581.8483958 1965.8157317
499001.1931447 2745585.0198960 1965.7869555
498998.6037915 2745590.7289706 1965.7376314
498998.4690249 2745591.0252102 1965.7351590
498997.0255898 2745594.1925340 1965.7092618
498994.4154532 2745599.8938989 1965.6651236
498994.2795965 2745600.1897317 1965.6629204
498992.8244429 2745603.3526444 1965.6399022
498990.1932374 2745609.0453045 1965.6009497
498990.0562937 2745609.3406571 1965.5990157
498988.5895720 2745612.4982884 1965.5788764
498985.9375877 2745618.1812982 1965.5451095
498985.7995658 2745618.4761484 1965.5434447
498984.3213185 2745621.6284004 1965.5261843
498981.6485907 2745627.3016841 1965.4976031
498981.5094926 2745627.5960282 1965.4962075
498980.0197393 2745630.7428588 1965.4818259
498977.3263038 2745636.4063406 1965.4584302
498977.1861314 2745636.7001746 1965.4573037
498975.6848920 2745639.8415419 1965.4458010
498972.9707846 2745645.4951462 1965.4275908
498972.8295397 2745645.7884662 1965.4267335
498971.3168343 2745648.9243282 1965.4181096
498968.5820912 2745654.5679796 1965.4050848
498968.4397757 2745654.8607816 1965.4044967
498966.9156245 2745657.9910964 1965.3987516
498964.1602823 2745663.6247197 1965.3909122
498964.0168981 2745663.9169998 1965.3905933
498962.4813214 2745667.0417257 1965.3877270
498959.7054169 2745672.6652456 1965.3850729
498959.5609658 2745672.9569999 1965.3850232
498958.0139842 2745676.0760953 1965.3850356
498955.2175543 2745681.6894366 1965.3875670
498955.0720384 2745681.9806614 1965.3877865
498953.5136724 2745685.0940844 1965.3906777
498950.6967546 2745690.6971724 1965.3983944
498950.5501757 2745690.9878636 1965.3988831
498948.9804461 2745694.0955729 1965.4046530
498946.1430779 2745699.6883327 1965.4175552
498945.9954381 2745699.9784865 1965.4183130
498944.8724506 2745702.1827051 1965.4243559
498941.5565852 2745708.6627976 1965.4450493
498940.7378878 2745710.2562870 1965.4508088
498940.4864437 2745710.7451803 1965.4526291
498936.9373376 2745717.6204472 1965.4808770
498936.5768024 2745718.3162313 1965.4840119
498935.1838878 2745720.9998338 1965.4965796
498934.9303029 2745721.4876201 1965.4989453
498933.7880329 2745723.6819081 1965.5098973
498932.2853967 2745726.5611619 1965.5250382
498930.9875089 2745729.0414592 1965.5387829
498929.3271223 2745732.2055995 1965.5572619
498927.6008247 2745735.4848226 1965.5775330
498926.7647128 2745737.0692439 1965.5877364
498926.5079258 2745737.5553521 1965.5909204
498922.8836840 2745744.3913101 1965.6383615
498922.5155451 2745745.0831012 1965.6434403
498920.8343879 2745748.2362549 1965.6672379
498918.2400518 2745753.0829444 1965.7058947
498918.1340377 2745753.2805054 1965.7075239
498913.1759492 2745761.2812962 1966.1590845
498912.7785005 2745761.8418355 1966.2197490
498909.6079070 2745766.2229230 1966.7292038
498906.7635786 2745770.0377901 1967.2183127
498904.1148243 2745773.5508329 1967.6829638
498900.9123697 2745778.3126620 1968.0796766
498900.2357402 2745779.4604979 1968.1184266
498895.8034373 2745786.9905063 1968.3617925
498895.1278575 2745788.1386276 1968.3976973
498890.7242379 2745795.6829112 1968.6056859
498890.0687982 2745796.8420969 1968.6241310
498885.7617424 2745804.4397611 1968.7445248
498880.7791169 2745813.1850419 1968.8826638
498875.7057717 2745821.8781866 1969.0743807
498870.5537677 2745830.5251730 1969.3107202
498865.6068839 2745839.2910752 1969.3728183
498860.2553335 2745847.8196938 1969.7314781
498855.0001816 2745856.4032584 1970.0000000
498850.2410445 2745865.2830639 1969.8671852
498845.2923083 2745874.0523949 1969.8644759
498840.1446544 2745882.7030708 1970.0000000
498835.1491209 2745891.4481344 1970.0000000
498830.1317232 2745900.1824219 1970.0000000
498825.0787054 2745908.8973445 1970.0108035
498819.5335127 2745917.3052106 1970.3921602
498813.7080529 2745925.5333266 1970.9792993
498807.6705991 2745933.6213697 1971.7196276
498802.0045444 2745941.9426904 1972.1514053
498796.5642816 2745950.4086570 1972.3882491
498791.1488013 2745958.8913442 1972.5889983
498785.6085492 2745967.2926522 1972.8728908
498779.9283691 2745975.6008484 1973.2526670
498774.1190763 2745983.8212977 1973.7136858
498768.2734520 2745992.0150333 1974.1752818
498762.5116408 2746000.2637123 1974.5406157
498756.8154128 2746008.5564639 1974.8238169
498751.0851873 2746016.8256902 1975.1051246
498745.3246715 2746025.0737541 1975.3816107
498739.5280962 2746033.2964299 1975.6580419
498733.6898031 2746041.4894424 1975.9391441
498727.5856816 2746049.4922982 1976.4086851
498721.3602924 2746057.4050072 1976.9494937
498715.0998645 2746065.2884252 1977.4912225
498708.7415609 2746073.0963187 1978.0858915
498701.8767912 2746080.5262736 1979.0723978
498695.0523716 2746087.9760041 1980.0000000
498689.3112408 2746096.2267484 1980.0000000
498683.5333578 2746104.4529497 1980.0000000
498677.7188420 2746112.6544281 1980.0000000
498671.8678136 2746120.8310044 1980.0000000
498666.4123078 2746129.3156002 1979.6363729
498662.4255002 2746138.9494366 1978.0000701
498656.4590071 2746147.0589433 1978.0000000
498650.4563767 2746155.1427478 1978.0000000
498644.4178169 2746163.2007382 1978.0000000
498636.7658118 2746169.9694128 1979.3474166
498628.8093893 2746176.4761341 1980.9329556
498621.4553404 2746183.4526469 1981.9798554
498621.0820739 2746183.1492443 1982.3005360