499079.6044707 2745374.3637994 1975.7017744
499083.2948069 2745365.0603746 1975.9617737
499086.9787393 2745355.7560224 1976.2217729
499090.6573826 2745346.4511878 1976.4817722
499094.3318520 2745337.1463137 1976.7417714
499098.0032628 2745327.8418419 1977.0017707
499101.6727293 2745318.5382126 1977.2617699
499105.3414420 2745309.2354445 1977.5217692
499107.1757882 2745304.5840819 1977.6517688
499109.0101345 2745299.9327194 1977.7817684
499112.6788270 2745290.6299942 1978.0417676
499116.3475196 2745281.3272691 1978.3017669
499120.0162121 2745272.0245439 1978.5617661
499123.6849046 2745262.7218188 1978.8217654
499127.3535972 2745253.4190936 1979.0817646
499131.0222897 2745244.1163685 1979.3417639
499134.6909822 2745234.8136433 1979.6017631
499138.3596748 2745225.5109182 1979.8617624
499142.0283673 2745216.2081931 1980.1217616
499145.6970598 2745206.9054679 1980.3817609
499149.3657523 2745197.6027428 1980.6417601
499153.0344449 2745188.3000176 1980.9017594
499156.7031374 2745178.9972925 1981.1617586
499160.3718299 2745169.6945673 1981.4217579
499164.0405225 2745160.3918422 1981.6817571
499167.7092150 2745151.0891170 1981.9417564
499171.3779075 2745141.7863919 1982.2017556
499175.0466001 2745132.4836668 1982.4617549
499178.7152926 2745123.1809416 1982.7217541
499182.3839851 2745113.8782165 1982.9817533
499186.0526776 2745104.5754913 1983.2417526
499189.7213702 2745095.2727662 1983.5017518
499193.3900627 2745085.9700410 1983.7617511
499197.0587552 2745076.6673159 1984.0217503
499200.7274478 2745067.3645907 1984.2817496
499204.3961403 2745058.0618656 1984.5417488
499208.0648328 2745048.7591404 1984.8017481
499211.7335254 2745039.4564153 1985.0617473
499215.4022179 2745030.1536902 1985.3217466
499219.0709104 2745020.8509650 1985.5817458
499222.7396029 2745011.5482399 1985.8417451
499226.4082955 2745002.2455147 1986.1017443
499230.0769880 2744992.9427896 1986.3617436
499233.7456805 2744983.6400644 1986.6217428
499234.2042671 2744982.4772238 1986.6542427
499237.4143731 2744974.3373393 1986.8817421
499241.0830656 2744965.0346141 1987.1417413
499244.7517581 2744955.7318890 1987.4017406
499247.2102396 2744956.7014342 1988.8302433
499248.4790784 2744967.9513613 1992.1086561
499248.3503316 2744978.6501260 1994.3855091
499250.6328763 2744988.9561335 1996.7456692
499250.6106027 2744990.2910418 1996.9811786
499249.9210871 2745000.7686575 1998.5511666
499249.0672987 2745011.1814894 2000.0202485
499249.1442109 2745021.9613593 2002.0610218
499247.9293890 2745032.2318113 2003.3083355
499245.5798863 2745042.0547821 2003.8586610
499242.4762944 2745051.5803645 2003.9457801
499239.4040860 2745061.1183236 2004.0521768
499236.5829880 2745070.7553125 2004.3128204
499234.0063264 2745080.4886992 2004.7236113
499231.6421413 2745090.3058796 2005.2649179
499229.6932179 2745100.2868259 2006.0613029
499227.0121844 2745109.9790516 2006.4079824
499223.6787897 2745119.4140074 2006.3539430
499219.8573200 2745128.6564822 2006.0000990
499215.5162230 2745137.6940328 2005.3270690
499211.0856213 2745146.6962857 2004.5990599
499206.5883899 2745155.6722621 2003.8301229
499201.8263454 2745164.5438047 2002.8985220
499197.0123656 2745173.3948658 2001.9350194
499191.9179256 2745182.1353225 2000.7992415
499186.8115048 2745190.8710543 1999.6561042
499181.7433111 2745199.6218616 1998.5364483
499176.1782333 2745208.1767141 1997.1115767
499170.6464776 2745216.7447076 1995.7071735
499165.4877667 2745225.4598179 1994.5319166
499160.8322011 2745234.3733524 1993.6657213
499156.3656405 2745243.3614243 1992.9156242
499151.6049605 2745252.2335051 1991.9848615
499146.8620380 2745261.1125888 1991.0650065
499141.8585856 2745269.8889281 1989.9851185
499137.8181875 2745279.0450646 1989.4967956
499133.7636469 2745288.1956238 1988.9997856
499129.6698942 2745297.3307190 1988.4786892
499125.3686635 2745306.3839917 1987.8301474
499121.2260972 2745310.1250673 1987.3873910
499118.8146144 2745314.5488259 1986.8437946
499113.9818171 2745323.3925707 1985.7495836
499108.8835541 2745332.1338545 1984.4659329
499103.3450341 2745340.7039820 1982.8683816
499096.4941688 2745348.7572979 1980.3323349
499091.0229637 2745357.3559940 1978.7879154
499085.6545588 2745365.9954905 1977.3206277
499080.2230780 2745374.6094325 1975.8121680
499079.6044707 2745374.3637994 1975.7017744