499248.4204507 2744946.4291639 1987.6617398
499251.8788025 2744937.6598009 1987.9068323
499252.0891432 2744937.1264387 1987.9217391
499252.9794102 2744934.8689833 1987.9848320
499254.0800180 2744932.0781658 1988.0628318
499255.7578357 2744927.8237136 1988.1817383
499256.2812335 2744926.4965307 1988.2188314
499259.4265282 2744918.5209884 1988.4417375
499261.4174030 2744913.4727155 1988.5828303
499263.0952208 2744909.2182633 1988.7017368
499263.6186186 2744907.8910804 1988.7388299
499264.7192263 2744905.1002629 1988.8168296
499265.8198341 2744902.3094453 1988.8948294
499266.7637428 2744899.9159783 1988.9617360
499266.9198240 2744899.5203072 1988.9728292
499270.4329079 2744890.6466286 1989.2213665
499270.5899656 2744890.2513440 1989.2323920
499274.1249492 2744881.3863667 1989.4782828
499274.6535413 2744880.0659860 1989.5146811
499275.8728833 2744877.0252966 1989.5982795
499276.8816928 2744874.5149991 1989.6670616
499276.9881831 2744874.2502946 1989.6743022
499277.8398439 2744872.1352492 1989.7320711
499277.9988518 2744871.7407450 1989.7428296
499278.1055381 2744871.4761195 1989.7500433
499279.1180654 2744868.9673193 1989.8183161
499280.2393332 2744866.1947233 1989.8935211
499281.5775697 2744862.8933325 1989.9827313
499281.8448905 2744862.2348608 1990.0004806
499285.3381035 2744853.6606729 1990.2302637
499285.8764617 2744852.3442438 1990.2653232
499287.1182936 2744849.3126700 1990.3458379
499289.1214225 2744844.4373267 1990.4746682
499289.6630295 2744843.1222309 1990.5092815
499290.9123430 2744840.0937325 1990.5887683
499292.9275037 2744835.2233501 1990.7159449
499293.4723562 2744833.9095957 1990.7501120
499294.7291436 2744830.8841912 1990.8285710
499296.7563238 2744826.0187993 1990.9540940
499297.3044185 2744824.7063942 1990.9878148
499298.5686722 2744821.6841022 1991.0652461
499299.6145592 2744819.1890249 1991.1289353
499300.6078595 2744816.8237305 1991.1891154
499302.4309053 2744812.4935215 1991.2987935
499304.4820874 2744807.6381997 1991.4210093
499305.4256496 2744805.4106278 1991.4768105
499306.3158195 2744803.3125052 1991.5292134
499306.5939892 2744802.6575364 1991.5455411
499307.7643678 2744799.9053111 1991.6139902
499308.3789837 2744798.4622628 1991.6497757
499310.1112394 2744794.4034653 1991.7500441
499310.2233909 2744794.1411092 1991.7565059
499312.2985247 2744789.2959759 1991.8754146
499314.0407968 2744785.2414679 1991.9742987
499314.9423507 2744783.1482117 1992.0251287
499316.2406866 2744780.1393947 1992.0979262
499318.3894239 2744775.1745117 1992.2173667
499320.2054452 2744770.9925752 1992.3173105
499320.8868201 2744769.4268312 1992.3545744
499322.3664350 2744766.0330128 1992.4350540
499324.1927766 2744761.8555732 1992.5335676
499324.4778810 2744761.2046040 1992.5488645
499326.3660055 2744756.9013616 1992.6496141
499328.2026562 2744752.7284442 1992.7466976
499328.4893671 2744752.0781810 1992.7617715
499330.3881112 2744747.7796137 1992.8610470
499331.7147731 2744744.7841914 1992.9298456
499332.2350597 2744743.6112439 1992.9567004
499334.0272534 2744739.5785539 1993.0486630
499335.3605685 2744736.5860871 1993.1165368
499336.2899625 2744734.5040280 1993.1635762
499339.0245730 2744728.3961049 1993.3006951
499340.1329607 2744725.9281569 1993.3557278
499340.3673398 2744725.4068520 1993.3673250
499341.4773498 2744722.9406489 1993.4220602
499342.7067684 2744720.2142850 1993.4823206
499343.9382061 2744717.4888326 1993.5422996
499344.4671669 2744716.3197713 1993.5679470
499345.0539014 2744715.0241796 1993.5963140
499348.5894187 2744707.2428413 1993.7654420
499350.0071285 2744704.1348307 1993.8323975
499352.7340701 2744698.1761173 1993.9598103
499354.9925986 2744693.2602059 1994.0639785
499356.9010958 2744689.1196547 1994.1510518
499359.1717554 2744684.2093348 1994.2535233
499361.0904704 2744680.0735086 1994.3391666
499364.2162237 2744673.3619518 1994.4768498
499365.3021683 2744671.0377343 1994.5241548
499369.5361640 2744662.0123867 1994.7060164
499373.7924316 2744652.9975209 1994.8847515
499378.0709450 2744643.9931919 1995.0603601
499382.3716783 2744634.9994546 1995.2328423
499386.6946053 2744626.0163638 1995.4021981
499391.0396995 2744617.0439742 1995.5684276
499395.4069345 2744608.0823406 1995.7315309
499398.5434896 2744609.6156596 1993.4040100
499395.3230727 2744619.1248323 1992.3937181
499392.6244988 2744628.8790242 1991.0123886
499389.4487714 2744638.3944054 1990.0000000
499384.9228521 2744647.2593318 1990.0000000
499380.7558603 2744656.2957449 1989.7480590
499377.0795934 2744665.5625499 1989.1479598
499373.3797134 2744674.8149343 1988.5794475
499372.3713200 2744677.1691034 1988.4768498
499369.2525344 2744683.8656994 1988.3391666
499367.3380964 2744687.9923065 1988.2535233
499365.0724983 2744692.8916807 1988.1510518
499363.1682554 2744697.0230022 1988.0639785
499360.9147614 2744701.9279555 1987.9598103
499358.1938984 2744707.8733864 1987.8323975
499356.7793488 2744710.9744688 1987.7654420
499353.2517125 2744718.7384618 1987.5963140
499352.6662860 2744720.0311654 1987.5679470
499352.1385043 2744721.1976208 1987.5422996
499350.9098116 2744723.9169979 1987.4823206
499349.6831335 2744726.6372844 1987.4220602
499348.5755978 2744729.0979901 1987.3673250
499348.3417411 2744729.6181330 1987.3557278
499347.2358242 2744732.0805796 1987.3006951
499344.5073094 2744738.1748876 1987.1635762
499343.5799871 2744740.2523056 1987.1165368
499342.2496441 2744743.2381019 1987.0486630
499340.4614454 2744747.2618026 1986.9567004
499339.9423185 2744748.4321355 1986.9298456
499338.6186139 2744751.4208807 1986.8610470
499336.7241023 2744755.7098660 1986.7617715
499336.4380305 2744756.3586797 1986.7466976
499334.6054739 2744760.5222953 1986.6496141
499332.7215582 2744764.8159453 1986.5488645
499332.4370893 2744765.4654634 1986.5335676
499330.6148189 2744769.6335911 1986.4350540
499329.1385022 2744773.0198443 1986.3545744
499328.4586462 2744774.5820982 1986.3173105
499326.6466729 2744778.7547126 1986.2173667
499324.5027253 2744783.7085284 1986.0979262
499323.2072836 2744786.7106384 1986.0251287
499322.3077394 2744788.7992285 1985.9742987
499320.5693509 2744792.8446986 1985.8754146
499318.4988428 2744797.6790317 1985.7565059
499318.3869413 2744797.9408029 1985.7500441
499316.6585470 2744801.9905530 1985.6497757
499316.0453011 2744803.4303846 1985.6139902
499314.8775314 2744806.1764748 1985.5455411
499314.5999818 2744806.8299837 1985.5292134
499313.7117962 2744808.9234293 1985.4768105
499312.7703372 2744811.1460357 1985.4210093
499310.7237275 2744815.9905345 1985.2987935
499308.9047455 2744820.3110911 1985.1891154
499307.9136593 2744822.6711130 1985.1289353
499306.8701037 2744825.1606285 1985.0652461
499305.6086681 2744828.1761835 1984.9878148
499305.0617952 2744829.4856632 1984.9540940
499303.0391338 2744834.3402096 1984.8285710
499301.7851479 2744837.3588701 1984.7501120
499301.2415099 2744838.6696961 1984.7159449
499299.2308412 2744843.5292219 1984.5887683
499297.9843126 2744846.5509694 1984.5092815
499297.4439129 2744847.8631337 1984.4746682
499295.4452491 2744852.7276094 1984.3458379
499294.2061854 2744855.7524255 1984.2653232
499293.6690273 2744857.0659201 1984.2302637
499290.1836010 2744865.6209953 1984.0004806
499289.9168761 2744866.2779992 1983.9827313
499288.5816227 2744869.5720309 1983.8935211
499287.4628543 2744872.3384464 1983.8183161
499286.4525840 2744874.8416543 1983.7500433
499286.3461355 2744875.1056900 1983.7428296
499286.1874821 2744875.4993148 1983.7320711
499285.3377197 2744877.6096455 1983.6743022
499285.2314667 2744877.8737599 1983.6670616
499284.2249060 2744880.3784617 1983.5982795
499283.0082821 2744883.4123731 1983.5146811
499282.4808682 2744884.7298106 1983.4782828
499278.9537645 2744893.5750269 1983.2323920
499278.7970569 2744893.9694304 1983.2213665
499275.2918040 2744902.8233286 1982.9728292
499275.1360707 2744903.2181178 1982.9617360
499274.1922867 2744905.6112686 1982.8948294
499273.0916790 2744908.4020862 1982.8168296
499271.9910712 2744911.1929037 1982.7388299
499271.4676734 2744912.5200866 1982.7017368
499269.7898557 2744916.7745388 1982.5828303
499266.7566314 2744921.4117429 1983.1887226
499264.6536861 2744929.7983540 1982.2188314
499264.1302883 2744931.1255368 1982.1817383
499262.4524706 2744935.3799891 1982.0628318
499261.3518629 2744938.1708066 1981.9848320
499260.4615958 2744940.4282620 1981.9217391
499260.2512551 2744940.9616242 1981.9068323
499252.9081222 2744948.1989557 1984.4457133
499248.4204507 2744946.4291639 1987.6617398