499404.2077202 2744590.1915598 1996.0483587
499408.6412173 2744581.2625217 1996.2020834
499413.0967478 2744572.3444577 1996.3526820
499417.5742846 2744563.4374221 1996.5001546
499422.0738004 2744554.5414694 1996.6445012
499426.5952679 2744545.6566536 1996.7857218
499431.1386593 2744536.7830291 1996.9238165
499435.7039470 2744527.9206498 1997.0587854
499446.1395635 2744533.3126737 2004.5563314
499440.5948111 2744541.6394248 2003.6773533
499435.1227572 2744550.0095408 2002.8352023
499429.3111336 2744558.2132938 2001.7214989
499423.6219751 2744566.4869347 2000.6821821
499418.1512953 2744574.8775495 1999.7885222
499412.3295510 2744583.0995539 1998.6157479
499406.3234497 2744591.2388199 1997.2888480
499404.2077202 2744590.1915598 1996.0483587