500161.9316053 2743528.9986133 2007.4591606
500166.7063201 2743523.8798148 2007.5151614
500173.5273412 2743516.5672454 2007.5951625
500173.9536550 2743516.1102099 2007.6001626
500180.3483624 2743509.2546761 2007.6751636
500187.1693835 2743501.9421067 2007.7551647
500193.9904047 2743494.6295374 2007.8351658
500200.8114258 2743487.3169680 2007.9151669
500207.6324470 2743480.0043987 2007.9951680
500214.4534681 2743472.6918293 2008.0751691
500215.6466943 2743473.8048473 2008.8296670
500211.9758237 2743484.0558153 2011.6215707
500207.0072633 2743493.0963236 2013.2304067
500202.3810049 2743502.4561246 2015.1513100
500197.0294798 2743511.1394110 2016.4110077
500191.0146407 2743519.2039711 2017.0659804
500186.7935133 2743528.0869776 2017.6336563
500186.4346070 2743528.6068896 2017.6813307
500180.1701506 2743536.4386116 2018.0362478
500176.3553492 2743542.4527986 2018.7303555
500161.9316053 2743528.9986133 2007.4591606