498918.2400518 2745753.0829444 1965.7058947
498922.5155451 2745745.0831012 1965.6434403
498926.7647128 2745737.0692439 1965.5877364
498930.9875089 2745729.0414592 1965.5387829
498933.7880329 2745723.6819081 1965.5098973
498935.1838878 2745720.9998338 1965.4965796
498936.5768024 2745718.3162313 1965.4840119
498940.7378878 2745710.2562870 1965.4508088
498944.8724506 2745702.1827051 1965.4243559
498948.9804461 2745694.0955729 1965.4046530
498953.5136724 2745685.0940844 1965.3906777
498958.0139842 2745676.0760953 1965.3850356
498962.4813214 2745667.0417257 1965.3877270
498966.9156245 2745657.9910964 1965.3987516
498971.3168343 2745648.9243282 1965.4181096
498975.6848920 2745639.8415419 1965.4458010
498980.0197393 2745630.7428588 1965.4818259
498984.3213185 2745621.6284004 1965.5261843
498988.5895720 2745612.4982884 1965.5788764
498992.8244429 2745603.3526444 1965.6399022
498997.0255898 2745594.1925340 1965.7092618
499001.1931447 2745585.0198960 1965.7869555
499005.3281644 2745575.8353690 1965.8729833
499009.4317182 2745566.6395599 1965.9673455
499013.5048785 2745557.4330635 1966.0700422
499017.5487227 2745548.2164646 1966.1810737
499021.5643326 2745538.9903374 1966.3004402
499025.5527932 2745529.7552458 1966.4281420
499027.9332908 2745524.2101189 1966.5087640
499031.4869620 2745515.8870104 1966.6353237
499035.4123196 2745506.6319129 1966.7838648
499039.7033143 2745496.4431666 1966.9568883
499042.0324841 2745490.8823152 1967.0555164
499044.3539298 2745485.3192394 1967.1571458
499047.8221366 2745476.9706962 1967.3152173
499049.6365252 2745474.4606479 1966.5939852
499048.6377794 2745477.3086481 1965.4293220
499045.3483027 2745485.7334304 1963.9758998
499043.1344940 2745491.3430266 1963.0926002
499040.9113005 2745496.9500941 1962.2232846
499036.6259384 2745507.1448902 1962.0000000
499032.7337739 2745516.4176528 1961.6017536
499029.2436949 2745524.7714302 1961.0050120
499026.9121518 2745530.3401101 1960.5625516
499022.9810684 2745539.6045452 1960.0061236
499018.9481121 2745548.8279628 1960.0000000
499014.8871800 2745558.0420563 1960.0000000
499010.7980294 2745567.2466210 1960.0000000
499006.6795794 2745576.4410776 1960.0000000
499002.5307536 2745585.6248370 1960.0000000
498998.3504781 2745594.7972989 1960.0000000
498994.1376919 2745603.9578309 1960.0000000
498989.8923018 2745613.1044069 1960.0000000
498985.6146714 2745622.2359137 1960.0000000
498981.3048522 2745631.3522421 1960.0000000
498976.9628960 2745640.4532827 1960.0000000
498972.5888549 2745649.5389266 1960.0000000
498968.1827815 2745658.6090650 1960.0000000
498963.7447287 2745667.6635890 1960.0000000
498959.2747497 2745676.7023903 1960.0000000
498954.7728980 2745685.7253604 1960.0000000
498950.1904026 2745694.7076905 1960.3647842
498945.9996697 2745702.7576283 1960.9885605
498941.7875391 2745710.7960039 1961.5822721
498937.5484236 2745718.8198723 1962.1880409
498936.0855711 2745721.4684768 1962.7219241
498934.6191709 2745724.1150434 1963.2617095
498931.7454708 2745729.4385748 1963.8341760
498927.4504158 2745737.4313796 1964.4180349
498923.1070704 2745745.3979911 1965.1759891
498918.2400518 2745753.0829444 1965.7058947