500221.2744893 2743465.3792600 2008.1551701
500228.0955104 2743458.0666906 2008.2351712
500234.9165316 2743450.7541213 2008.3151723
500235.1389678 2743450.5156555 2008.3177812
500236.7570263 2743448.7809937 2008.3367588
500239.2315805 2743446.1281139 2008.3657819
500240.8496390 2743444.3934521 2008.3847594
500241.7375527 2743443.4415519 2008.3951734
500243.3241932 2743441.7405723 2008.4137825
500244.9422517 2743440.0059104 2008.4327601
500247.4168059 2743437.3530306 2008.4617832
500248.5585739 2743436.1289826 2008.4751745
500249.0348644 2743435.6183688 2008.4807607
500249.4631122 2743435.1592598 2008.4857835
500253.1274770 2743431.2308272 2008.5287614
500253.5557249 2743430.7717182 2008.5337842
500255.3795950 2743428.8164133 2008.5551756
500257.2200897 2743426.8432856 2008.5767621
500257.6483376 2743426.3841766 2008.5817848
500259.2663961 2743424.6495148 2008.6007624
500261.3127024 2743422.4557440 2008.6247627
500261.7409503 2743421.9966350 2008.6297855
500262.2006162 2743421.5038439 2008.6351767
500263.3590088 2743420.2619732 2008.6487630
500263.7872566 2743419.8028642 2008.6537858
500265.4053151 2743418.0682024 2008.6727634
500265.8335630 2743417.6090934 2008.6777861
500267.4516215 2743415.8744316 2008.6967637
500267.8798693 2743415.4153226 2008.7017864
500269.0216373 2743414.1912746 2008.7151778
500269.4979278 2743413.6806608 2008.7207640
500269.9261757 2743413.2215518 2008.7257868
500271.5442341 2743411.4868900 2008.7447643
500273.5905405 2743409.2931192 2008.7687647
500275.6368468 2743407.0993484 2008.7927650
500275.8426585 2743406.8787052 2008.7951789
500276.7471968 2743405.9089824 2008.8057879
500277.6831532 2743404.9055776 2008.8167653
500282.6636796 2743399.5661359 2008.8751800
500283.5682180 2743398.5964131 2008.8857890
500284.5041743 2743397.5930082 2008.8967664
500289.4847008 2743392.2535665 2008.9551811
500290.3892391 2743391.2838438 2008.9657901
500291.3251955 2743390.2804389 2008.9767675
500296.3057219 2743384.9409972 2009.0351822
500297.2102603 2743383.9712744 2009.0457911
500298.1462166 2743382.9678695 2009.0567686
500303.1267430 2743377.6284278 2009.1151833
500304.0312814 2743376.6587051 2009.1257922
500304.9672378 2743375.6553002 2009.1367697
500310.0630391 2743370.0314213 2009.1951844
500310.5275282 2743369.5098761 2009.2007706
500310.9451704 2743369.0409223 2009.2057933
500314.9365784 2743364.5584407 2009.2537940
500316.7153541 2743362.5602546 2009.2751854
500318.5102867 2743360.5434437 2009.2967539
500318.9279203 2743360.0741070 2009.3017346
500322.9187146 2743355.5874934 2009.3480902
500323.3668892 2743355.0834137 2009.3531562
500324.9137558 2743353.3431980 2009.3704243
500326.4910558 2743351.5680710 2009.3876860
500326.9084792 2743351.0981723 2009.3921957
500328.9028246 2743348.8523629 2009.4134046
500330.0154134 2743347.5989188 2009.4249940
500330.8967313 2743346.6057165 2009.4340510
500332.8901390 2743344.3581796 2009.4541349
500336.4583387 2743340.3310738 2009.4886938
500336.6586888 2743340.1047926 2009.4905813
500338.4500328 2743338.0807704 2009.5072078
500340.4409977 2743335.8293747 2009.5251592
500342.4311725 2743333.5768338 2009.5425481
500343.2944690 2743332.5990631 2009.5499183
500343.5864112 2743332.8567711 2009.2903086
500343.3842022 2743334.4184625 2008.6949097
500342.8984525 2743338.0015987 2007.3385697
500342.4299704 2743341.6018581 2005.9645809
500341.9941156 2743344.8286071 2004.7398526
500341.9446694 2743345.1888846 2004.6034257
500339.6243801 2743350.3289413 2003.4541349
500337.6289756 2743352.5787297 2003.4340510
500336.7468257 2743353.5728696 2003.4249940
500335.6332312 2743354.8274468 2003.4134046
500333.6372077 2743357.0751459 2003.3921957
500333.2194533 2743357.5454171 2003.3876860
500331.6409657 2743359.3218807 2003.3704243
500330.0930317 2743361.0632973 2003.3531562
500329.6445658 2743361.5677046 2003.3480902
500325.6515337 2743366.0568341 2003.3017346
500325.2337029 2743366.5263923 2003.2967539
500323.4380027 2743368.5440657 2003.2751854
500321.6585942 2743370.5429626 2003.2537940
500317.6662296 2743375.0265187 2003.2057933
500317.2485243 2743375.4955432 2003.2007706
500316.7839734 2743376.0171579 2003.1951844
500311.5485502 2743381.7942192 2003.1367697
500310.6125938 2743382.7976241 2003.1257922
500309.7080555 2743383.7673468 2003.1151833
500304.7275290 2743389.1067886 2003.0567686
500303.7915727 2743390.1101934 2003.0457911
500302.8870343 2743391.0799162 2003.0351822
500297.9065079 2743396.4193579 2002.9767675
500296.9705515 2743397.4227628 2002.9657901
500296.0660132 2743398.3924855 2002.9551811
500291.0854867 2743403.7319273 2002.8967664
500290.1495304 2743404.7353321 2002.8857890
500289.2449920 2743405.7050549 2002.8751800
500284.2644656 2743411.0444966 2002.8167653
500283.3285092 2743412.0479015 2002.8057879
500282.4239709 2743413.0176242 2002.7951789
500282.2181592 2743413.2382674 2002.7927650
500280.1718529 2743415.4320382 2002.7687647
500278.1255466 2743417.6258090 2002.7447643
500276.5074881 2743419.3604708 2002.7257868
500276.0792402 2743419.8195798 2002.7207640
500275.6029497 2743420.3301936 2002.7151778
500274.4611817 2743421.5542416 2002.7017864
500274.0329339 2743422.0133506 2002.6967637
500272.4148754 2743423.7480124 2002.6777861
500271.9866275 2743424.2071214 2002.6727634
500270.3685690 2743425.9417832 2002.6537858
500269.9403212 2743426.4008922 2002.6487630
500268.7819286 2743427.6427629 2002.6351767
500268.3222627 2743428.1355540 2002.6297855
500267.8940148 2743428.5946630 2002.6247627
500265.8477085 2743430.7884338 2002.6007624
500264.2296500 2743432.5230957 2002.5817848
500263.8014021 2743432.9822047 2002.5767621
500261.9609074 2743434.9553323 2002.5551756
500260.1370373 2743436.9106373 2002.5337842
500259.7087895 2743437.3697463 2002.5287614
500256.0444246 2743441.2981789 2002.4857835
500255.6161768 2743441.7572879 2002.4807607
500255.1398863 2743442.2679016 2002.4751745
500253.9981183 2743443.4919497 2002.4617832
500251.5235641 2743446.1448295 2002.4327601
500249.9055056 2743447.8794913 2002.4137825
500248.3188651 2743449.5804710 2002.3951734
500247.4309514 2743450.5323711 2002.3847594
500245.8128929 2743452.2670329 2002.3657819
500243.3383387 2743454.9199127 2002.3367588
500241.7202802 2743456.6545745 2002.3177812
500241.4978440 2743456.8930403 2002.3151723
500232.8143341 2743462.4683167 2003.9331506
500223.7131774 2743467.6540204 2005.9318858
500221.2744893 2743465.3792600 2008.1551701