500344.4204963 2743331.3230946 2009.5593745
500346.4089078 2743329.0681042 2009.5756383
500346.9058610 2743328.5041549 2009.5796164
500348.3963460 2743326.8118096 2009.5913397
500349.9204974 2743325.0797644 2009.6030050
500350.3827495 2743324.5541581 2009.6064785
500352.8832747 2743321.7083863 2009.6247469
500356.5345050 2743317.5449399 2009.6498415
500363.1342092 2743309.9926434 2009.6904278
500363.9580522 2743309.0472814 2009.6950616
500369.7173117 2743302.4209417 2009.7247639
500376.2814970 2743294.8279168 2009.7528500
500381.1908181 2743289.1180104 2009.7698129
500382.8244308 2743287.2116676 2009.7746860
500386.6473647 2743282.7374762 2009.7845766
500386.6982802 2743282.6777604 2009.7846940
500389.3437580 2743279.5703121 2009.7902720
500395.8371015 2743271.9019901 2009.7996079
500402.3020604 2743264.2048650 2009.8026939
500565.6913878 2743400.8537863 2109.8026939
500558.6571739 2743409.2286940 2109.7996079
500551.6328302 2743417.5241342 2109.7902720
500548.7826918 2743420.8719843 2109.7846940
500453.2110935 2743339.4933659 2053.0223206
500445.7050365 2743341.0501352 2050.6647548
500440.4333820 2743339.9282545 2049.2934029
500430.5225979 2743341.5767905 2046.0563214
500418.4011357 2743344.6323753 2042.4424604
500406.8384681 2743346.4037605 2039.6302361
500404.8494416 2743346.3573175 2038.8605838
500389.0291886 2743346.0075335 2032.7485897
500378.9182705 2743344.5672445 2029.4224867
500371.2697769 2743342.9210526 2025.5001119
500369.8861535 2743342.6412372 2024.7973408
500365.5153680 2743341.8826362 2022.6243055
500358.3857974 2743338.6189347 2019.4464510
500356.4351114 2743337.9043979 2018.1518466
500347.7440239 2743334.2552360 2012.1807578
500344.4204963 2743331.3230946 2009.5593745