497394.5778313 2747103.4808185 1977.6814927
497402.3464086 2747097.0650055 1976.5861560
497410.0824990 2747090.5982742 1975.4596646
497417.6683731 2747083.8961023 1974.1560976
497426.1721858 2747078.6326566 1973.9993861
497434.3070777 2747072.7909849 1973.3945229
497442.3805171 2747066.8529957 1972.7226008
497450.4131491 2747060.8510475 1972.0092084
497458.7617945 2747055.3444012 1971.6966088
497467.1329955 2747049.8731072 1971.4210733
497475.5178306 2747044.4231826 1971.1715435
497483.9387895 2747039.0298764 1970.9758941
497492.3842766 2747033.6750144 1970.8197523
497500.7841206 2747028.2486139 1970.6161433
497509.1611175 2747022.7864041 1970.3933215
497517.4908600 2747017.2501304 1970.1210346
497520.8223742 2747015.0350209 1970.0141946
497525.7820712 2747011.6534648 1969.8100941
497530.6566713 2747008.1385326 1969.5037972
497533.9037333 2747005.7910575 1969.2981090
497538.7709975 2747002.2646272 1968.9881817
497542.0162928 2746999.9143832 1968.7839452
497546.8863879 2746996.3923899 1968.4829888
497550.1455932 2746994.0639475 1968.2996344
497557.6395320 2746989.0768664 1968.0916263
497558.4798348 2746988.5347255 1968.0784425
497566.0883431 2746983.7272143 1968.0206310
497566.9347735 2746983.1946773 1968.0159523
497575.3846799 2746977.8467419 1967.9563275
497577.9225043 2746976.2468321 1967.9437505
497583.8895558 2746972.5849626 1967.9739373
497586.4432191 2746971.0098778 1967.9837226
497592.4248612 2746967.3708769 1968.0383655
497595.0325007 2746965.8803913 1968.1177826
497601.1596220 2746962.4694064 1968.3591120
497603.7295531 2746960.9198189 1968.3945219
497608.7268827 2746957.5972460 1968.2911360
497609.5595487 2746957.0431356 1968.2739481
497616.7354404 2746951.5575651 1967.7290788
497617.4496462 2746950.8177865 1967.5659747
497618.0699968 2746950.4090861 1967.5562304
497620.5990801 2746948.7954760 1967.5466750
497623.1281634 2746947.1818659 1967.5379389
497625.0310453 2746945.9677859 1967.5319058
497625.8740731 2746945.4299159 1967.5293812
497631.5584412 2746941.8031656 1967.5147344
497633.4613230 2746940.5890856 1967.5107557
497634.3043508 2746940.0512156 1967.5091413
497639.9887189 2746936.4244653 1967.5006315
497641.8916008 2746935.2103853 1967.4987072
497642.7346286 2746934.6725153 1967.4980030
497648.4189967 2746931.0457649 1967.4956302
497650.3218786 2746929.8316850 1967.4957603
497651.1649063 2746929.2938150 1967.4959662
497656.8492744 2746925.6670646 1967.4997304
497658.7521563 2746924.4529847 1967.5019150
497659.5951841 2746923.9151146 1967.5030310
497663.8103230 2746921.2257645 1967.5099765
497665.2795522 2746920.2883643 1967.5129322
497668.0254618 2746918.5364143 1967.5191974
497673.7098299 2746914.9096640 1967.5352356
497673.9266563 2746914.7713241 1967.5359293
497676.4557396 2746913.1577140 1967.5444654
497678.7679966 2746911.6824438 1967.5529864
497684.8860173 2746907.7790137 1967.5788350
497688.8843299 2746905.2280035 1967.5983179
497693.5918342 2746902.8321781 1967.9638252
497703.2235284 2746899.3365117 1969.5055024
497712.5837039 2746895.4152817 1970.7197458
497721.7347324 2746891.1662464 1971.6838627
497730.3556239 2746886.0863035 1972.0000000
497738.9807500 2746881.0129977 1972.3304884
497747.7509850 2746876.1671276 1972.8499358
497756.5137593 2746871.3095639 1973.3692389
497765.2670420 2746866.4371238 1973.8858810
497773.6882223 2746861.0441647 1974.0000000
497782.0099858 2746855.4953851 1974.0000000
497790.3244039 2746849.9350928 1974.0000000
497798.6314765 2746844.3632875 1974.0000000
497806.9312031 2746838.7799686 1974.0000000
497815.2235836 2746833.1851356 1974.0000000
497823.5086174 2746827.5787880 1974.0000000
497831.7888830 2746821.9664449 1974.0000000
497840.3194184 2746816.7495771 1974.3127709
497849.0166537 2746811.7967756 1974.8352806
497857.5389080 2746806.5727580 1975.1449680
497866.2103402 2746801.5845653 1975.6438338
497874.9497971 2746796.7044440 1976.2317753
497875.1480644 2746797.0137509 1976.4767068
497866.7342473 2746802.4030611 1976.2917069
497858.3159776 2746807.7881928 1976.1067069
497849.8939020 2746813.1701513 1975.9217070
497841.4686657 2746818.5499432 1975.7367071
497833.0409134 2746823.9285762 1975.5517072
497824.6112917 2746829.3070588 1975.3667171
497816.1810139 2746834.6857591 1975.1866936
497807.7507362 2746840.0644594 1975.0157758
497799.3204584 2746845.4431597 1974.8539633
497790.8901807 2746850.8218600 1974.7012558
497782.4599029 2746856.2005603 1974.5576529
497774.0296252 2746861.5792606 1974.4231541
497765.5993474 2746866.9579610 1974.2977592
497757.1690697 2746872.3366613 1974.1814679
497748.7387919 2746877.7153616 1974.0742798
497740.3085141 2746883.0940619 1973.9761947
497731.8782364 2746888.4727622 1973.8872124
497723.4479586 2746893.8514625 1973.8073326
497715.0176809 2746899.2301628 1973.7365551
497706.5874031 2746904.6088631 1973.6748798
497698.1571254 2746909.9875634 1973.6223065
497693.7251602 2746912.8152535 1973.5983179
497689.7268476 2746915.3662637 1973.5788350
497683.6088269 2746919.2696938 1973.5529864
497681.2965699 2746920.7449640 1973.5444654
497678.7674865 2746922.3585741 1973.5359293
497678.5506602 2746922.4969140 1973.5352356
497672.8662921 2746926.1236643 1973.5191974
497670.1203825 2746927.8756143 1973.5129322
497668.6511532 2746928.8130145 1973.5099765
497664.4360144 2746931.5023646 1973.5030310
497663.5929866 2746932.0402347 1973.5019150
497661.6901047 2746933.2543146 1973.4997304
497656.0057366 2746936.8810649 1973.4959662
497655.1627088 2746937.4189350 1973.4957603
497653.2598269 2746938.6330149 1973.4956302
497647.5754588 2746942.2597652 1973.4980030
497646.7324311 2746942.7976353 1973.4987072
497644.8295492 2746944.0117152 1973.5006315
497639.1451811 2746947.6384655 1973.5091413
497638.3021533 2746948.1763356 1973.5107557
497636.3992714 2746949.3904155 1973.5147344
497630.7149033 2746953.0171658 1973.5293812
497629.8718756 2746953.5550359 1973.5319058
497627.9689937 2746954.7691158 1973.5379389
497625.4399104 2746956.3827259 1973.5466750
497622.9108270 2746957.9963360 1973.5562304
497622.2846256 2746958.3958662 1973.5587228
497621.4415978 2746958.9337362 1973.5621575
497613.8543478 2746963.7745665 1973.5971661
497613.0113201 2746964.3124365 1973.6015110
497607.9531534 2746967.5396567 1973.6294919
497605.4240701 2746969.1532668 1973.6447112
497599.5228756 2746972.9183570 1973.6834084
497596.9937923 2746974.5319671 1973.7013582
497591.0925979 2746978.2970573 1973.7464268
497588.5635146 2746979.9106674 1973.7671073
497582.6623201 2746983.6757576 1973.8185475
497580.1332368 2746985.2893677 1973.8419586
497571.7029591 2746990.6680680 1973.9259123
497570.8599313 2746991.2059380 1973.9348084
497563.2726813 2746996.0467683 1974.0189687
497562.4296535 2746996.5846383 1974.0287750
497554.8424035 2747001.4254686 1974.1211279
497551.4702924 2747003.5769487 1974.1645405
497546.4121258 2747006.8041689 1974.2323903
497543.0400147 2747008.9556490 1974.2794442
497537.9818480 2747012.1828692 1974.3527560
497534.6097369 2747014.3343493 1974.4034513
497529.5515703 2747017.5615695 1974.4822254
497524.4934036 2747020.7887897 1974.5642770
497521.1212925 2747022.9402698 1974.6207989
497512.6910148 2747028.3189701 1974.7684767
497504.2607370 2747033.6976704 1974.9252592
497495.8304593 2747039.0763707 1975.0911468
497487.4001815 2747044.4550710 1975.2661400
497478.9699038 2747049.8337714 1975.4502391
497470.5396260 2747055.2124717 1975.6434446
497462.1093482 2747060.5911720 1975.8457570
497453.6790705 2747065.9698723 1976.0571768
497445.2487927 2747071.3485726 1976.2777046
497436.8185150 2747076.7272729 1976.5073408
497428.3882372 2747082.1059732 1976.7460861
497419.9579595 2747087.4846735 1976.9939410
497411.5276817 2747092.8633738 1977.2509062
497403.0974040 2747098.2420741 1977.5169823
497394.6671262 2747103.6207744 1977.7921699
497394.5778313 2747103.4808185 1977.6814927