497883.1435450 2746790.9756838 1976.8382542
497885.1160588 2746789.5289169 1976.9844089
497891.2126362 2746785.0573089 1977.4339350
497899.2791736 2746779.1401879 1978.0234974
497907.3624595 2746773.2545484 1978.5822377
497915.4343055 2746767.3570023 1979.1438567
497923.4863306 2746761.4350844 1979.7175746
497931.3871389 2746755.2878902 1980.4626378
497939.1363884 2746748.9175828 1981.3771738
497946.5130790 2746741.9907839 1982.7270431
497953.7490429 2746734.8662793 1984.2266921
497961.7676026 2746728.9413772 1984.7588008
497969.7782902 2746723.0132226 1985.2821453
497977.7734037 2746717.0705488 1985.8050409
497985.7048687 2746711.0422223 1986.3839421
497993.3975014 2746704.6704712 1987.2258446
498001.3039484 2746698.6274457 1987.7897362
498009.8209091 2746693.4884694 1987.6089639
498018.6884739 2746688.8593281 1986.9974931
498027.7159529 2746684.4541717 1986.1835845
498031.4877249 2746682.9700725 1985.6386483
498037.4743772 2746681.0876457 1984.5032100
498047.1400052 2746677.5623418 1982.9244614
498056.3089051 2746673.3070703 1981.9128885
498065.3841632 2746668.9022803 1980.9965482
498073.5549069 2746663.2176959 1981.1019827
498081.0085726 2746656.5405082 1981.9999792
498089.2268155 2746650.9278518 1982.0000000
498090.1503469 2746652.1974233 1981.2867044
498082.0898621 2746658.0384214 1981.1017045
498074.0079258 2746663.8500953 1980.9167046
498065.9041084 2746669.6335408 1980.7317047
498057.7790660 2746675.3897206 1980.5467048
498049.6335767 2746681.1195329 1980.3617049
498041.4684091 2746686.8238833 1980.1767050
498036.5370765 2746690.2506741 1980.0651829
498033.2843230 2746692.5036847 1979.9917051
498025.0820695 2746698.1598570 1979.8067051
498016.8623916 2746703.7933271 1979.6217052
498008.6260240 2746709.4050280 1979.4367053
498000.3736941 2746714.9958990 1979.2517054
497992.1061216 2746720.5668853 1979.0667055
497983.8240193 2746726.1189376 1978.8817056
497975.5280932 2746731.6530119 1978.6967057
497967.2190433 2746737.1700695 1978.5117058
497958.8975631 2746742.6710761 1978.3267059
497950.5643405 2746748.1570023 1978.1417060
497942.2200582 2746753.6288227 1977.9567060
497933.8653938 2746759.0875159 1977.7717061
497925.5010201 2746764.5340647 1977.5867062
497917.1276058 2746769.9694548 1977.4017063
497908.7458153 2746775.3946754 1977.2167064
497900.3563098 2746780.8107192 1977.0317065
497891.9597467 2746786.2185808 1976.8467066
497885.6112579 2746790.2997901 1976.7069259
497883.5567808 2746791.6192580 1976.6617067
497883.1435450 2746790.9756838 1976.8382542