498170.0930626 2746591.1049602 1982.9648575
498172.3413359 2746588.4412002 1983.4818207
498176.0737162 2746584.3706320 1984.1456936
498183.3401112 2746577.5286657 1984.8397393
498190.5932451 2746570.6797884 1985.5137310
498197.7648919 2746563.7394556 1986.2401174
498204.7914997 2746556.6313732 1987.0851119
498211.8418142 2746549.5645143 1987.8696765
498219.0208831 2746542.6646738 1988.4845832
498226.1910058 2746535.7625623 1989.0753323
498233.3255003 2746528.8261083 1989.6697567
498240.0614131 2746521.4265392 1990.6423861
498246.2840738 2746513.4391732 1992.1060811
498252.6806199 2746505.6773456 1993.3510613
498259.7707446 2746498.7369449 1993.8502747
498267.3289402 2746492.3407343 1993.8418942
498275.1197646 2746486.2080697 1993.5701029
498282.9546177 2746480.1193787 1993.2278503
498290.8351635 2746474.0751089 1992.8141628
498298.7356469 2746468.0451111 1992.3554524
498306.7185580 2746462.0977500 1991.7899536
498314.9265279 2746456.3874140 1990.9775254
498323.2197089 2746450.7559141 1990.0588859
498331.1200389 2746444.6834921 1989.5047887
498338.9317956 2746438.5062326 1989.0129741
498346.6522991 2746432.2230866 1988.5851487
498354.3160513 2746425.8724338 1988.1868951
498361.9393181 2746419.4723894 1987.8019698
498369.2125389 2746412.7005246 1987.7283395
498376.5582551 2746406.0022635 1987.5566917
498383.8546573 2746399.2503277 1987.4044704
498391.0199430 2746392.3619628 1987.3492408
498398.1313096 2746385.4179846 1987.3164964
498405.2132127 2746378.4438270 1987.2827147
498412.2329898 2746371.4071442 1987.2785396
498419.1459906 2746364.2646504 1987.3454250
498426.0255792 2746357.0904992 1987.4138339
498432.8343263 2746349.8484504 1987.5185020
498439.5986026 2746342.5652134 1987.6344148
498446.1966038 2746335.1240471 1987.8740535
498452.4363934 2746327.3445778 1988.4130083
498458.3826098 2746319.2952254 1989.1886276
498464.3444855 2746311.2729491 1989.9151228
498469.9240600 2746302.9047628 1990.9561456
498475.2619230 2746294.3285343 1992.1804973
498480.3349159 2746285.5273100 1993.6072304
498483.5173326 2746278.3705514 1994.2691545
498485.0995208 2746278.1426850 1994.2589987
498484.6965248 2746276.0973894 1994.2964133
498490.4352609 2746267.9492049 1994.9248232
498496.5540232 2746260.1557239 1995.2306218
498498.2349009 2746258.3444525 1995.1864503
498503.8286137 2746253.4032373 1994.6219725
498507.9471929 2746250.4527826 1993.9408615
498514.1288804 2746249.3297125 1992.6448110
498524.0213954 2746244.8479488 1989.5822263
498532.1851802 2746238.8096178 1988.0412876
498539.4886303 2746232.0027362 1987.2402676
498546.7380497 2746225.1391362 1986.4621001
498553.8063450 2746218.1107750 1985.8179634
498560.6146922 2746210.8538326 1985.3754225
498567.3812882 2746203.5570012 1984.9421534
498574.1169658 2746196.2298298 1984.5085185
498580.8090600 2746188.8620619 1984.0853691
498587.5750854 2746181.5511522 1983.5709152
498594.3420360 2746174.2356517 1983.0287571
498595.8407890 2746172.6048213 1982.9090784
498601.0745883 2746166.8865368 1982.4893584
498601.6823683 2746167.3805594 1982.3005360
498596.7905793 2746173.3813325 1982.4245361
498595.3896020 2746175.0935203 1982.4594196
498589.0687007 2746182.7834410 1982.6133535
498582.7197487 2746190.4502188 1982.7623378
498576.3428309 2746198.0937515 1982.9063726
498569.9380323 2746205.7139371 1983.0454581
498563.5054383 2746213.3106739 1983.1795942
498557.0451350 2746220.8838604 1983.3087812
498550.5572083 2746228.4333956 1983.4330191
498544.0417451 2746235.9591787 1983.5523080
498537.4988321 2746243.4611094 1983.6666480
498530.9285568 2746250.9390874 1983.7760392
498524.3310067 2746258.3930130 1983.8804817
498521.0220312 2746262.1109251 1983.9308472
498517.7062701 2746265.8227868 1983.9799755
498512.7199295 2746271.3792077 1984.0513483
498511.0544352 2746273.2283095 1984.0745207
498504.3755908 2746280.6094822 1984.1641174
498497.6698262 2746287.9662066 1984.2487656
498496.8297172 2746288.8840733 1984.2589987
498495.9891892 2746289.8015562 1984.2691545
498490.9372307 2746295.2983845 1984.3284654
498484.1778942 2746302.6059179 1984.4032169
498477.3919070 2746309.8887093 1984.4730202
498470.5793596 2746317.1466616 1984.5378752
498463.7403429 2746324.3796779 1984.5977820
498456.8749482 2746331.5876616 1984.6527407
498449.9832672 2746338.7705166 1984.7027513
498443.0653917 2746345.9281470 1984.7478138
498436.1214142 2746353.0604572 1984.7879283
498429.1514272 2746360.1673522 1984.8230948
498422.1555239 2746367.2487369 1984.8533133
498415.1337975 2746374.3045170 1984.8785839
498408.0863419 2746381.3345983 1984.8989066
498401.0132510 2746388.3388869 1984.9142813
498393.9146193 2746395.3172894 1984.9247082
498386.7905414 2746402.2697126 1984.9301871
498379.6411125 2746409.1960637 1984.9307182
498372.4664280 2746416.0962503 1984.9263013
498365.2665836 2746422.9701804 1984.9169366
498358.0416754 2746429.8177621 1984.9026240
498350.7917999 2746436.6389041 1984.8833634
498343.5170537 2746443.4335154 1984.8591550
498336.2175341 2746450.2015052 1984.8299985
498328.8933383 2746456.9427833 1984.7958942
498321.5445642 2746463.6572597 1984.7568418
498314.1713099 2746470.3448447 1984.7128414
498306.7736736 2746477.0054492 1984.6638930
498299.3517543 2746483.6389842 1984.6099964
498291.9056508 2746490.2453612 1984.5511518
498284.4354626 2746496.8244920 1984.4873590
498276.9412894 2746503.3762888 1984.4186179
498269.4232312 2746509.9006642 1984.3449286
498261.8813884 2746516.3975312 1984.2662910
498254.3158615 2746522.8668029 1984.1827050
498246.7267516 2746529.3083931 1984.0941705
498239.1141599 2746535.7222158 1984.0006876
498231.4781881 2746542.1081854 1983.9022561
498223.8189380 2746548.4662166 1983.7988759
498216.1365118 2746554.7962247 1983.6905470
498208.4310122 2746561.0981251 1983.5772693
498200.7025419 2746567.3718338 1983.4590427
498192.9512040 2746573.6172670 1983.3358672
498185.1771021 2746579.8343413 1983.2077426
498177.3803399 2746586.0229738 1983.0746688
498173.0981676 2746589.4022294 1982.9996456
498170.4139059 2746591.5134210 1982.9519214
498170.0930626 2746591.1049602 1982.9648575