498607.6659920 2746159.4180170 1981.8960684
498613.0865131 2746151.0077681 1981.0313053
498618.5345976 2746142.6289999 1980.2132853
498621.6453812 2746132.4152838 1977.4335376
498626.5250289 2746123.6225133 1976.1855871
498632.6331039 2746115.7989107 1976.0000000
498638.9388864 2746108.1275752 1976.0000000
498645.2231452 2746100.4369273 1976.0000000
498653.9617210 2746094.6077590 1978.0728125
498662.5179763 2746088.6097341 1980.0000000
498668.7505836 2746080.8438223 1980.0000000
498673.7313145 2746072.1453271 1978.9785783
498678.5556618 2746063.3423708 1977.8512136
498684.0589492 2746055.0479776 1977.3086281
498689.6575446 2746046.8268355 1976.8654188
498695.1056739 2746038.5000218 1976.3189052
498700.6562948 2746030.2504327 1975.8771789
498706.3897127 2746022.1329581 1975.6050641
498712.1102096 2746014.0065539 1975.3417302
498717.8065197 2746005.8632417 1975.0779733
498723.4787253 2745997.7031495 1974.8138869
498729.1268606 2745989.5263692 1974.5495246
498734.7508525 2745981.3329187 1974.2848527
498740.3518527 2745973.1236451 1974.0208241
498746.2319286 2745965.1013674 1974.0000000
498751.3069485 2745956.5393247 1973.3522541
498755.5048608 2745947.4023245 1972.0312354
498759.9761672 2745938.4579373 1970.9656039
498765.3449483 2745930.1073051 1970.6498961
498770.9065655 2745921.8815186 1970.5198568
498776.2886811 2745913.5390028 1970.2795930
498781.5799512 2745905.1385017 1970.0000000
498787.1846994 2745896.9356941 1970.0000000
498792.7495200 2745888.7047436 1970.0000000
498798.2742589 2745880.4458717 1970.0000000
498803.7587630 2745872.1593010 1970.0000000
498808.4143762 2745863.3646915 1969.3843956
498812.1233156 2745854.0029883 1968.0656423
498817.3962917 2745845.5931173 1968.0000000
498822.7127328 2745837.2074006 1968.0000000
498827.9882268 2745828.7951293 1968.0000000
498833.2226280 2745820.3565305 1968.0000000
498838.4157920 2745811.8918318 1968.0000000
498843.5111921 2745803.3688457 1967.9566414
498847.4668754 2745794.1947164 1967.0707257
498851.9019243 2745785.3008343 1966.5874811
498855.7475625 2745777.5856557 1966.1936374
498856.3895678 2745776.4407453 1966.1783495
498860.5864167 2745768.9242083 1966.0817004
498861.2242351 2745767.7769601 1966.0675153
498865.3935966 2745760.2451413 1965.9780983
498866.0272196 2745759.0955708 1965.9650158
498868.7397419 2745754.1593729 1965.9105358
498870.7984573 2745750.3966931 1965.8708509
498873.0190420 2745746.3222749 1965.8296706
498875.5378844 2745741.6804433 1965.7850203
498875.8575834 2745741.0897447 1965.7795109
498880.2454376 2745732.9469375 1965.7075239
498880.3497994 2745732.7524557 1965.7058947
498882.9036993 2745727.9813084 1965.6672379
498884.5586533 2745724.8773010 1965.6434403
498884.9210542 2745724.1962923 1965.6383615
498888.4888073 2745717.4668821 1965.5909204
498888.7415919 2745716.9883506 1965.5877364
498889.5646718 2745715.4286246 1965.5775330
498891.2640628 2745712.2005127 1965.5572619
498892.8985700 2745709.0856898 1965.5387829
498894.1762284 2745706.6440514 1965.5250382
498895.6554440 2745703.8096746 1965.5098973
498896.7799101 2745701.6495876 1965.4989453
498897.0295426 2745701.1694041 1965.4965796
498898.4007467 2745698.5276293 1965.4840119
498898.7556624 2745697.8426898 1965.4808770
498902.2494509 2745691.0745834 1965.4526291
498902.4969759 2745690.5933102 1965.4508088
498903.3029128 2745689.0246574 1965.4450493
498906.5670960 2745682.6455660 1965.4243559
498907.6725801 2745680.4757032 1965.4183130
498907.8179188 2745680.1900719 1965.4175552
498910.6110627 2745674.6844828 1965.4046530
498912.1563260 2745671.6252114 1965.3988831
498912.3006202 2745671.3390511 1965.3983944
498915.0736325 2745665.8232948 1965.3906777
498916.6077093 2745662.7583987 1965.3877865
498916.7509571 2745662.4717131 1965.3875670
498919.5038008 2745656.9458633 1965.3850356
498921.0266706 2745653.8753833 1965.3850232
498921.1688702 2745653.5881764 1965.3850729
498923.9015085 2745648.0523068 1965.3877270
498925.4131511 2745644.9762839 1965.3905933
498925.5543005 2745644.6885594 1965.3909122
498928.2666969 2745639.1427439 1965.3987516
498929.7670921 2745636.0612192 1965.4044967
498929.9071895 2745635.7729810 1965.4050848
498932.5993078 2745630.2172935 1965.4181096
498934.0884356 2745627.1303082 1965.4267335
498934.2274790 2745626.8415601 1965.4275908
498936.8992834 2745621.2760749 1965.4458010
498938.3771239 2745618.1836701 1965.4573037
498938.5151115 2745617.8944159 1965.4584302
498941.1665662 2745612.3192072 1965.4818259
498942.6330997 2745609.2214242 1965.4962075
498942.7700297 2745608.9316679 1965.4976031
498945.4010994 2745603.3468101 1965.5261843
498946.8563063 2745600.2436902 1965.5434447
498946.9921768 2745599.9534356 1965.5451095
498949.6028264 2745594.3590032 1965.5788764
498951.0466872 2745591.2505879 1965.5990157
498951.1814965 2745590.9598389 1965.6009497
498953.7716910 2745585.3559066 1965.6399022
498955.2042134 2745582.2421834 1965.6629204
498955.3379686 2745581.9509267 1965.6651236
498957.9081629 2745576.3368070 1965.7092618
498959.3298644 2745573.2171741 1965.7351590
498959.4626147 2745572.9253666 1965.7376314
498962.0136583 2745567.3007593 1965.7869555
498963.4248974 2745564.1754034 1965.8157317
498963.5566757 2745563.8830644 1965.8184733
498966.0892009 2745558.2483379 1965.8729833
498967.4903300 2745555.1174619 1965.9046387
498967.6211692 2745554.8246102 1965.9076495
498970.1358130 2745549.1801266 1965.9673455
498971.5271867 2745546.0439298 1966.0018800
498971.6571200 2745545.7505841 1966.0051600
498974.1545231 2745540.0966992 1966.0700422
498975.5364979 2745536.9553776 1966.1074560
498975.6655587 2745536.6615561 1966.1110052
498978.1463648 2745530.9986196 1966.1810737
498979.5192992 2745527.8523656 1966.2213668
498979.6475209 2745527.5580863 1966.2251853
498982.1123775 2745521.8864421 1966.3004402
498983.4766317 2745518.7354451 1966.3436127
498983.6040482 2745518.4407256 1966.3477004
498986.0536059 2745512.7607119 1966.4281420
498987.4095420 2745509.6051582 1966.4741939
498987.5361871 2745509.3100159 1966.4785509
498988.4068829 2745507.2789921 1966.5087640
498991.4449891 2745500.1664905 1966.6177370
498991.9212753 2745499.0478766 1966.6353237
498992.8765896 2745496.8013154 1966.6710115
498995.2063059 2745491.3066113 1966.7603634
498995.3315105 2745491.0106744 1966.7652590
498995.8051457 2745489.8905937 1966.7838648
498997.5283707 2745485.8076629 1966.8527164
498998.6866055 2745483.0566317 1966.9000183
498999.1968123 2745481.8430847 1966.9211172
498999.8430137 2745480.3045807 1966.9480705
499000.0530855 2745479.8040760 1966.9568883
499000.9976241 2745477.5515236 1966.9968730
499002.1504654 2745474.7974740 1967.0464258
499002.3598949 2745474.2966088 1967.0555164
499003.0419593 2745472.6642310 1967.0853119
499003.3015667 2745472.0424454 1967.0967289
499004.4509568 2745469.2864515 1967.1477823
499004.6597650 2745468.7852357 1967.1571458
499005.5986648 2745466.5295055 1967.1995860
499007.0597152 2745463.5541901 1967.3962128
499009.0759737 2745460.9166863 1968.0216234
499010.6076950 2745458.3170828 1968.3564057
499012.5637864 2745455.0539098 1968.8001793
499017.7949626 2745446.4313107 1970.0261303
499021.8479761 2745437.3189531 1970.4219618
499025.8241345 2745428.1719453 1970.7813101
499029.7760867 2745419.0120789 1971.1413717
499033.7050493 2745409.8400135 1971.5022727
499037.6117213 2745400.6561854 1971.8637627
499042.4012808 2745391.8230841 1972.8750910
499047.6745725 2745383.1782464 1974.2481696
499052.2501020 2745374.2502970 1975.1341698
499052.6788020 2745374.4209243 1975.4417752
499048.9809087 2745383.6995881 1975.1858527
499045.2744025 2745392.9732021 1974.9382709
499041.5581795 2745402.2413135 1974.6990298
499037.8311382 2745411.5034657 1974.4681290
499034.0921788 2745420.7591983 1974.2455680
499030.3402040 2745430.0080467 1974.0313462
499026.5741191 2745439.2495416 1973.8254633
499022.7928319 2745448.4832086 1973.6279188
499018.9952532 2745457.7085680 1973.4387124
499017.5562394 2745461.1912217 1973.3694086
499016.4116154 2745463.9561218 1973.3152173
499015.1802967 2745466.9251342 1973.2578435
499013.9085461 2745469.9857856 1973.1995860
499012.9678460 2745472.2458411 1973.1571458
499012.7586341 2745472.7480262 1973.1477823
499011.6069990 2745475.5094029 1973.0967289
499011.3468794 2745476.1324153 1973.0853119
499010.6634601 2745477.7680358 1973.0555164
499010.4536119 2745478.2699022 1973.0464258
499009.2984437 2745481.0295105 1972.9968730
499008.3519706 2745483.2866764 1972.9568883
499008.1414651 2745483.7882143 1972.9480705
499007.4939218 2745485.3299131 1972.9211172
499006.9826473 2745486.5459998 1972.9000183
499005.8219612 2745489.3028532 1972.8527164
499004.0950193 2745493.3945907 1972.7838648
499003.6203479 2745494.5171220 1972.7652590
499003.4948683 2745494.8137089 1972.7603634
499001.1599549 2745500.3206703 1972.6710115
499000.2024655 2745502.5723465 1972.6353237
498999.7250854 2745503.6935296 1972.6177370
498996.6798520 2745510.8227163 1972.5087640
498995.8070662 2745512.8586154 1972.4785509
498995.6801153 2745513.1544703 1972.4741939
498994.3208777 2745516.3177074 1972.4281420
498991.8652263 2745522.0118509 1972.3477004
498991.7374883 2745522.3073141 1972.3436127
498990.3697634 2745525.4663271 1972.3004402
498987.8985062 2745531.1526993 1972.2251853
498987.7699469 2745531.4477533 1972.2213668
498986.3933699 2745534.6023546 1972.1810737
498983.9058509 2745540.2806146 1972.1110052
498983.7764363 2745540.5752417 1972.1074560
498982.3906440 2745543.7252406 1972.0700422
498979.8862102 2745549.3950421 1972.0051600
498979.7559065 2745549.6892241 1972.0018800
498978.3605374 2745552.8344266 1971.9673455
498975.8385394 2745558.4954171 1971.9076495
498975.7073129 2745558.7891357 1971.9046387
498974.3020072 2745561.9293444 1971.8729833
498971.7617988 2745567.5811655 1971.8184733
498971.6296160 2745567.8744018 1971.8157317
498970.2140159 2745571.0094158 1971.7869555
498967.6549541 2745576.6517023 1971.7376314
498967.5217817 2745576.9444375 1971.7351590
498966.0955313 2745580.0740521 1971.7092618
498963.5169770 2745585.7064325 1971.6651236
498963.3827819 2745585.9986470 1971.6629204
498961.9455228 2745589.1226657 1971.6399022
498959.3467446 2745594.7451689 1971.6009497
498959.2114886 2745595.0368815 1971.5990157
498957.7628429 2745598.1555978 1971.5788764
498955.1435419 2745603.7685696 1971.5451095
498955.0072211 2745604.0597861 1971.5434447
498953.5471918 2745607.1731894 1971.5261843
498950.9074029 2745612.7765550 1971.4976031
498950.7700192 2745613.0672716 1971.4962075
498949.2986257 2745616.1753203 1971.4818259
498946.6383843 2745621.7690048 1971.4584302
498946.4999394 2745622.0592175 1971.4573037
498945.0172015 2745625.1618703 1971.4458010
498942.3365430 2745630.7457990 1971.4275908
498942.1970388 2745631.0355041 1971.4267335
498940.7029762 2745634.1327194 1971.4181096
498938.0019364 2745639.7068179 1971.4050848
498937.8613747 2745639.9960114 1971.4044967
498936.3560073 2745643.0877479 1971.3987516
498933.6346223 2745648.6519418 1971.3909122
498933.4930051 2745648.9406198 1971.3905933
498931.9763530 2745652.0268363 1971.3877270
498929.2346590 2745657.5810513 1971.3850729
498929.0919882 2745657.8692101 1971.3850232
498927.5640717 2745660.9498653 1971.3850356
498924.8021054 2745666.4940273 1971.3875670
498924.6583828 2745666.7816630 1971.3877865
498923.1192222 2745669.8567159 1971.3906777
498920.3370204 2745675.3907509 1971.3983944
498920.1922480 2745675.6778595 1971.3988831
498918.6418639 2745678.7472691 1971.4046530
498915.8394637 2745684.2711032 1971.4175552
498915.6936434 2745684.5576811 1971.4183130
498914.5844958 2745686.7347347 1971.4243559
498911.3094954 2745693.1349658 1971.4450493
498910.5008877 2745694.7088169 1971.4508088
498910.2525424 2745695.1916850 1971.4526291
498906.7471758 2745701.9822204 1971.4808770
498906.3910840 2745702.6694297 1971.4840119
498905.0153358 2745705.3199592 1971.4965796
498904.7648760 2745705.8017339 1971.4989453
498903.6366835 2745707.9689793 1971.5098973
498902.1525660 2745710.8127489 1971.5250382
498900.8706735 2745713.2624787 1971.5387829
498899.2307497 2745716.3876239 1971.5572619
498897.5257271 2745719.6264335 1971.5775330
498896.6999195 2745721.1913282 1971.5877364
498896.4462972 2745721.6714456 1971.5909204
498892.8667209 2745728.4231565 1971.6383615
498892.5031190 2745729.1064219 1971.6434403
498890.8426806 2745732.2207158 1971.6672379
498888.2803174 2745737.0076743 1971.7058947
498888.1756097 2745737.2028005 1971.7075239
498883.7732145 2745745.3725923 1971.7795109
498883.4524560 2745745.9652484 1971.7850203
498880.9252664 2745750.6224627 1971.8296706
498878.6973229 2745754.7103832 1971.8708509
498876.6317852 2745758.4855322 1971.9105358
498873.9102738 2745763.4380882 1971.9650158
498873.2745510 2745764.5914683 1971.9780983
498869.0913726 2745772.1482469 1972.0675153
498868.4514405 2745773.2992969 1972.0817004
498864.2406836 2745780.8407431 1972.1783495
498863.5965508 2745781.9894476 1972.1936374
498859.3582716 2745789.5154608 1972.2975187
498854.4442017 2745798.1722841 1972.4250231
498849.4985396 2745806.8110977 1972.5608631
498844.5213511 2745815.4317861 1972.7050388
498839.5127027 2745824.0342343 1972.8575507
498834.4726614 2745832.6183275 1973.0183989
498829.4012943 2745841.1839512 1973.1875838
498824.2986691 2745849.7309911 1973.3651059
498819.1648539 2745858.2593329 1973.5509654
498813.9999173 2745866.7688631 1973.7451628
498808.8039281 2745875.2594679 1973.9476984
498803.5769557 2745883.7310341 1974.1585727
498798.3190700 2745892.1834486 1974.3777861
498793.0303409 2745900.6165986 1974.6053391
498787.7108392 2745909.0303715 1974.8412321
498782.3606358 2745917.4246551 1975.0854657
498776.9798022 2745925.7993374 1975.3380403
498771.5684101 2745934.1543065 1975.5989565
498766.1265317 2745942.4894510 1975.8682148
498760.6542397 2745950.8046596 1976.1458158
498755.1516071 2745959.0998213 1976.4317593
498749.6187074 2745967.3748255 1976.7193857
498744.0556144 2745975.6295617 1977.0020594
498738.4624023 2745983.8639197 1977.2797794
498732.8391458 2745992.0777897 1977.5525459
498727.1859199 2746000.2710620 1977.8203590
498721.5028001 2746008.4436273 1978.0832190
498715.7898623 2746016.5953765 1978.3411261
498710.0471826 2746024.7262007 1978.5940805
498704.2748377 2746032.8359916 1978.8420823
498698.4729047 2746040.9246409 1979.0851318
498692.6414609 2746048.9920406 1979.3232290
498686.7805843 2746057.0380830 1979.5563743
498680.8903530 2746065.0626608 1979.7845677
498674.9708456 2746073.0656668 1980.0078094
498669.0221411 2746081.0469943 1980.2260997
498663.0443190 2746089.0065368 1980.4394386
498657.0374590 2746096.9441880 1980.6478263
498651.0016413 2746104.8598420 1980.8512629
498644.9369464 2746112.7533931 1981.0497487
498638.8434552 2746120.6247360 1981.2432837
498632.7212492 2746128.4737657 1981.4318681
498626.5704099 2746136.3003774 1981.6155021
498620.3910196 2746144.1044666 1981.7941857
498614.1831605 2746151.8859292 1981.9679192
498607.9469157 2746159.6446613 1982.1367025
498607.6659920 2746159.4180170 1981.8960684