499054.9311325 2745366.4843278 1975.8816829
499055.3658731 2745364.7392701 1976.0881188
499057.0954678 2745354.6781734 1977.7494229
499058.0731660 2745344.3204320 1979.9454030
499057.5003842 2745333.3508808 1983.2492067
499058.5572553 2745323.0254242 1985.3822025
499058.4947333 2745317.6289408 1986.8716496
499055.5903277 2745311.1109615 1988.7695610
499055.1524289 2745300.1919141 1991.5516264
499057.2281841 2745290.2611389 1992.7900724
499058.5244164 2745285.3975617 1993.2506136
499059.8807444 2745280.5576842 1993.6742403
499063.0364641 2745271.0526593 1994.2493379
499066.4380072 2745261.6445791 1994.6734362
499069.7754207 2745252.2112082 1995.1369267
499073.0795722 2745242.7647200 1995.6208487
499076.2226558 2745233.2547117 1996.2037082
499079.4352677 2745223.7721232 1996.7438592
499082.6580305 2745214.2935378 1997.2777749
499085.8690159 2745204.8103079 1997.8189250
499089.0118286 2745195.3001928 1998.4019508
499092.1182669 2745185.7757329 1999.0073200
499095.2251390 2745176.2514440 1999.6124227
499097.9622285 2745166.5813249 2000.4446678
499099.0753217 2745161.6455236 2001.0177038
499098.5073375 2745156.0467599 2001.4406575
499100.7290588 2745146.1733963 2002.4783704
499101.7486040 2745141.2007027 2003.0463068
499102.7966830 2745136.2392619 2003.5989069
499105.3996282 2745126.5162406 2004.4317207
499108.3534015 2745116.9315745 2005.0759726
499111.3668763 2745107.3704528 2005.6881363
499113.8523552 2745097.6011067 2006.5840855
499115.7153026 2745087.5862543 2007.8146311
499117.2086718 2745077.4256523 2009.2438164
499119.9541910 2745067.7588576 2010.0000000
499124.1066238 2745058.6469039 2010.0000000
499128.2590566 2745049.5349502 2010.0000000
499133.2686499 2745040.7610327 2009.5392961
499134.0727240 2745039.7344412 2009.3861044
499139.6962914 2745032.5463474 2008.3164240
499148.1489916 2745025.1302795 2006.0051295
499151.7331577 2745021.1689890 2005.1946414
499156.1932104 2745017.5531197 2004.8921897
499162.5932975 2745009.3275679 2003.4744043
499169.3857294 2745001.2567440 2001.8156176
499176.9555879 2744993.4925120 1999.6792892
499182.9837124 2744985.1202701 1998.4899853
499189.0518879 2744976.7638231 1997.2760798
499192.1422201 2744972.6077806 1996.6345784
499196.3041987 2744968.8743606 1996.4536523
499196.9982061 2744967.8043623 1996.3174411
499202.1382603 2744960.4255866 1995.1618704
499209.1349601 2744952.4353194 1993.0369002
499218.4968063 2744945.3777891 1989.2169812
499221.7273990 2744942.9683283 1987.8918244
499222.7520816 2744943.3724298 1987.4908335
499221.4949453 2744946.5601577 1987.4017406
499217.8262527 2744955.8628828 1987.1417413
499214.1575602 2744965.1656080 1986.8817421
499210.9474542 2744973.3054925 1986.6542427
499210.4888677 2744974.4683331 1986.6217428
499208.6545214 2744979.1196957 1986.4917432
499206.8201751 2744983.7710583 1986.3617436
499203.1514826 2744993.0737834 1986.1017443
499199.4827901 2745002.3765085 1985.8417451
499195.8140975 2745011.6792337 1985.5817458
499192.1454050 2745020.9819588 1985.3217466
499188.4767125 2745030.2846840 1985.0617473
499186.6423662 2745034.9360466 1984.9317477
499184.8080200 2745039.5874091 1984.8017481
499181.1393274 2745048.8901343 1984.5417488
499177.9292215 2745057.0300188 1984.3142495
499177.4706349 2745058.1928594 1984.2817496
499173.8019424 2745067.4955846 1984.0217503
499170.1332498 2745076.7983097 1983.7617511
499166.4645573 2745086.1010348 1983.5017518
499162.7958648 2745095.4037600 1983.2417526
499159.1271722 2745104.7064851 1982.9817533
499155.4584797 2745114.0092103 1982.7217541
499151.7897872 2745123.3119354 1982.4617549
499148.1210947 2745132.6146606 1982.2017556
499144.4524021 2745141.9173857 1981.9417564
499140.7837096 2745151.2201109 1981.6817571
499138.9493633 2745155.8714734 1981.5517575
499137.1150171 2745160.5228360 1981.4217579
499133.4463245 2745169.8255612 1981.1617586
499131.6119783 2745174.4769237 1981.0317590
499129.7776320 2745179.1282863 1980.9017594
499126.1089395 2745188.4310114 1980.6417601
499122.4402469 2745197.7337366 1980.3817609
499118.7715544 2745207.0364617 1980.1217616
499115.1028619 2745216.3391869 1979.8617624
499111.4341694 2745225.6419120 1979.6017631
499107.7654768 2745234.9446372 1979.3417639
499104.0967843 2745244.2473623 1979.0817646
499100.4280918 2745253.5500875 1978.8217654
499096.7593992 2745262.8528126 1978.5617661
499093.0907067 2745272.1555377 1978.3017669
499089.4220142 2745281.4582629 1978.0417676
499085.7533216 2745290.7609880 1977.7817684
499083.9189754 2745295.4123506 1977.6517688
499082.0846291 2745300.0637132 1977.5217692
499078.4159508 2745309.3663931 1977.2617699
499074.7473101 2745318.6679292 1977.0017707
499072.9127428 2745323.3179963 1976.8717710
499071.0778250 2745327.9675227 1976.7417714
499067.4063818 2745337.2647336 1976.4817722
499063.7318683 2745346.5591215 1976.2217729
499060.0531738 2745355.8502449 1975.9617737
499056.3691879 2745365.1376609 1975.7017744
499055.7112787 2745366.7942263 1975.6553874
499054.9311325 2745366.4843278 1975.8816829