499237.8987186 2744904.9650068 1988.5642701
499238.1088890 2744904.2805949 1988.5457794
499239.3311564 2744899.8464884 1988.3382222
499239.6835570 2744898.4518698 1988.2527725
499240.3949124 2744895.5075438 1988.0518201
499241.0169926 2744892.5280106 1987.7868898
499241.5041239 2744889.9533031 1987.5261838
499241.5759975 2744889.5213341 1987.4761750
499242.4241488 2744879.5196681 1985.7960244
499242.4559968 2744879.0712100 1985.7163863
499243.3329423 2744869.0655980 1984.0346299
499243.5070811 2744867.5906601 1983.8133573
499244.3207974 2744864.3577839 1983.5982795
499245.3381022 2744861.8263470 1983.6670616
499245.4454892 2744861.5594134 1983.6743022
499246.3043220 2744859.4265571 1983.7320711
499246.4646688 2744859.0287308 1983.7428296
499246.5722535 2744858.7618768 1983.7500433
499247.5933074 2744856.2319499 1983.8183161
499248.7240175 2744853.4360057 1983.8935211
499250.0735233 2744850.1068137 1983.9827313
499250.3430952 2744849.4427970 1984.0004806
499253.8657248 2744840.7964054 1984.2302637
499254.4086165 2744839.4688907 1984.2653232
499255.6609059 2744836.4117877 1984.3458379
499257.6809033 2744831.4953889 1984.4746682
499258.2270712 2744830.1692187 1984.5092815
499259.4869052 2744827.1152172 1984.5887683
499261.5190357 2744822.2038210 1984.7159449
499262.0684764 2744820.8790033 1984.7501120
499263.3358473 2744817.8281218 1984.8285710
499265.3800985 2744812.9217582 1984.9540940
499265.9328087 2744811.5983013 1984.9878148
499267.2077088 2744808.5505583 1985.0652461
499268.2624033 2744806.0344699 1985.1289353
499269.2640682 2744803.6492572 1985.1891154
499271.1024660 2744799.2825833 1985.2987935
499273.1709211 2744794.3863745 1985.4210093
499274.1224292 2744792.1400442 1985.4768105
499275.0200952 2744790.0242532 1985.5292134
499275.3006074 2744789.3637688 1985.5455411
499276.4808418 2744786.5883669 1985.6139902
499277.1006334 2744785.1331666 1985.6497757
499278.8474765 2744781.0401898 1985.7500441
499278.9605725 2744780.7756244 1985.7565059
499281.0531811 2744775.8896899 1985.8754146
499282.8101250 2744771.8010387 1985.9742987
499283.7192709 2744769.6901551 1986.0251287
499285.0285401 2744766.6560007 1986.0979262
499287.1953721 2744761.6493081 1986.2173667
499289.0266862 2744757.4321554 1986.3173105
499289.7137990 2744755.8532261 1986.3545744
499291.2058738 2744752.4308282 1986.4350540
499293.0475951 2744748.2182101 1986.5335676
499293.3351004 2744747.5617591 1986.5488645
499295.2391249 2744743.2222789 1986.6496141
499297.0912421 2744739.0142211 1986.7466976
499297.3803674 2744738.3584820 1986.7617715
499299.2951009 2744734.0237163 1986.8610470
499300.6329347 2744731.0030694 1986.9298456
499301.1576027 2744729.8202444 1986.9567004
499302.9648886 2744725.7535949 1987.0486630
499304.3094316 2744722.7359284 1987.1165368
499305.2466520 2744720.6363362 1987.1635762
499308.0042909 2744714.4769779 1987.3006951
499309.1220123 2744711.9882472 1987.3557278
499309.3583652 2744711.4625524 1987.3673250
499310.4777227 2744708.9755812 1987.4220602
499311.7174942 2744706.2262585 1987.4823206
499312.9593020 2744703.4778549 1987.5422996
499313.4927171 2744702.2989488 1987.5679470
499314.1298925 2744701.0130622 1987.6296156
499319.0132444 2744693.7668695 1988.7643969
499320.7058063 2744690.7541416 1989.0244246
499323.5843651 2744684.8074454 1989.2470820
499325.5778196 2744679.7222328 1989.1435509
499327.2867040 2744675.4492652 1989.0728161
499329.5300163 2744670.4781109 1989.1417173
499331.5913510 2744666.3678713 1989.3207894
499334.9612078 2744659.7044457 1989.6195409
499336.0871706 2744657.3762950 1989.6899066
499340.8493404 2744648.5115107 1990.2360114
499346.9320107 2744640.2750984 1991.7373687
499354.0782431 2744632.5564461 1994.0076225
499355.5036872 2744633.2359211 1995.0603601
499351.1986814 2744642.2960044 1994.8847515
499346.9160593 2744651.3666898 1994.7060164
499342.6558469 2744660.4479219 1994.5241548
499341.5631781 2744662.7865309 1994.4768498
499338.4180703 2744669.5396453 1994.3391666
499336.4874748 2744673.7010804 1994.2535233
499334.2027553 2744678.6418047 1994.1510518
499332.2824408 2744682.8079939 1994.0639785
499330.0099276 2744687.7543445 1993.9598103
499327.2661009 2744693.7499540 1993.8323975
499325.8396128 2744696.8772091 1993.7654420
499322.2822037 2744704.7067292 1993.5963140
499321.6918362 2744706.0103430 1993.5679470
499321.1596001 2744707.1866431 1993.5422996
499319.9205374 2744709.9289714 1993.4823206
499318.6835063 2744712.6722168 1993.4220602
499317.5666232 2744715.1536905 1993.3673250
499317.3307928 2744715.6782233 1993.3557278
499316.2155420 2744718.1614527 1993.3006951
499313.4639989 2744724.3071958 1993.1635762
499312.5288502 2744726.4021469 1993.1165368
499311.1872793 2744729.4131429 1993.0486630
499309.3839884 2744733.4708031 1992.9567004
499308.8604801 2744734.6510134 1992.9298456
499307.5256036 2744737.6649833 1992.8610470
499305.6151026 2744741.9901670 1992.7617715
499305.3266164 2744742.6444566 1992.7466976
499303.4785933 2744746.8432126 1992.6496141
499301.5787776 2744751.1731004 1992.5488645
499301.2919078 2744751.8281003 1992.5335676
499299.4542577 2744756.0314065 1992.4350540
499297.9654811 2744759.4462393 1992.3545744
499297.2798872 2744761.0216783 1992.3173105
499295.4526211 2744765.2295090 1992.2173667
499293.2905789 2744770.2251344 1992.0979262
499291.9842038 2744773.2525818 1992.0251287
499291.0770675 2744775.3587994 1991.9742987
499289.3240073 2744779.4384127 1991.8754146
499287.2360244 2744784.3135469 1991.7565059
499287.1231784 2744784.5775274 1991.7500441
499285.3801967 2744788.6614568 1991.6497757
499284.7617751 2744790.1134404 1991.6139902
499283.5841496 2744792.8827073 1991.5455411
499283.3042575 2744793.5417316 1991.5292134
499282.4085757 2744795.6528457 1991.4768105
499281.4591710 2744797.8942106 1991.4210093
499279.3952882 2744802.7795963 1991.2987935
499277.5609542 2744807.1366178 1991.1891154
499276.5615034 2744809.5165580 1991.1289353
499275.5091403 2744812.0270847 1991.0652461
499274.2370584 2744815.0680906 1990.9878148
499273.6855699 2744816.3886221 1990.9540940
499271.6458375 2744821.2841402 1990.8285710
499270.3812681 2744824.3282778 1990.7501120
499269.8330420 2744825.6501669 1990.7159449
499267.8054035 2744830.5507065 1990.5887683
499266.5483543 2744833.5979572 1990.5092815
499266.0033937 2744834.9211960 1990.4746682
499263.9878615 2744839.8267271 1990.3458379
499262.7383402 2744842.8770724 1990.2653232
499262.1966485 2744844.2016527 1990.2302637
499258.6818057 2744852.8289316 1990.0004806
499258.4128297 2744853.4914805 1989.9827313
499257.0663069 2744856.8133133 1989.8935211
499255.9380963 2744859.6030771 1989.8183161
499254.9192995 2744862.1274116 1989.7500433
499254.8119525 2744862.3936757 1989.7428296
499254.6519602 2744862.7906227 1989.7320711
499253.7950258 2744864.9187643 1989.6743022
499253.6878761 2744865.1851078 1989.6670616
499252.6728202 2744867.7109490 1989.5982795
499251.4459281 2744870.7704662 1989.5146811
499250.9140629 2744872.0990226 1989.4782828
499247.3571910 2744881.0188914 1989.2323920
499247.1991608 2744881.4166236 1989.2213665
499243.6643240 2744890.3452475 1988.9728292
499243.5072763 2744890.7433687 1988.9617360
499242.5630212 2744893.1377140 1988.8948294
499241.4624135 2744895.9285316 1988.8168296
499240.3618057 2744898.7193491 1988.7388299
499239.8384079 2744900.0465320 1988.7017368
499238.1605902 2744904.3009842 1988.5828303
499237.8987209 2744904.9650077 1988.5642717
499237.8987186 2744904.9650068 1988.5642701