499352.9329543 2744620.8774108 2000.0000000
499356.4740761 2744611.4273814 2000.7739937
499359.4538137 2744601.6995848 2001.9789520
499363.7158431 2744592.5900095 2002.2483107
499366.8658989 2744583.2759739 2003.2516035
499366.9831231 2744582.9901542 2003.2704343
499370.8864237 2744573.6979272 2003.8349924
499375.3969210 2744564.7046815 2003.9617756
499380.0526293 2744555.7843630 2003.9936641
499384.6963776 2744546.8589299 2004.0476430
499388.3841851 2744537.4492129 2004.8294651
499391.4655510 2744527.7245650 2006.0802655
499392.0914047 2744525.2180886 2006.5036873
499391.7132496 2744516.5353221 2007.9642689
499393.2003438 2744505.9592790 2010.1113636
499413.4935499 2744516.4446636 1997.0587854
499408.8999942 2744525.3619182 1996.9238165
499405.4692842 2744532.0572876 1996.8205385
499404.3284703 2744534.2904878 1996.7857218
499399.7790062 2744543.2303179 1996.6445012
499395.2516295 2744552.1813540 1996.5001546
499390.7463680 2744561.1435414 1996.3526820
499386.2632491 2744570.1168256 1996.2020834
499381.8023000 2744579.1011519 1996.0483587
499377.3635481 2744588.0964655 1995.8915079
499377.2278989 2744588.3722480 1995.8866527
499372.9470203 2744597.1027116 1995.7315309
499368.5527436 2744606.1198352 1995.5684276
499364.1807448 2744615.1477813 1995.4021981
499359.8310505 2744624.1864950 1995.2328423
499352.9329543 2744620.8774108 2000.0000000