500136.9605404 2743505.7060941 2013.2245880
500142.3642926 2743501.1740493 2012.7071128
500150.0773664 2743494.6935692 2011.9738542
500150.5677911 2743494.2963350 2011.9204061
500157.6565247 2743488.0881753 2011.3626827
500164.4953582 2743480.7922210 2011.4264447
500170.8920662 2743473.0838607 2011.8932803
500177.9336980 2743465.9770726 2011.7721568
500186.2945285 2743460.1008072 2010.4483564
500195.6028107 2743455.1083061 2008.2607906
500196.1720447 2743455.6392765 2008.0751691
500189.3510236 2743462.9518458 2007.9951680
500182.5300024 2743470.2644152 2007.9151669
500175.7089813 2743477.5769845 2007.8351658
500168.8879601 2743484.8895539 2007.7551647
500162.0669390 2743492.2021232 2007.6751636
500155.6722317 2743499.0576570 2007.6001626
500155.2459178 2743499.5146926 2007.5951625
500148.4248967 2743506.8272619 2007.5151614
500143.6501819 2743511.9460605 2007.4591606
500136.9605404 2743505.7060941 2013.2245880