500196.6476310 2743455.1280059 2008.0801133
500197.3766952 2743453.5819840 2007.7455284
500200.8388956 2743446.3173394 2006.1912729
500205.6226982 2743437.1044926 2004.4139983
500210.2483102 2743427.7440886 2002.4925057
500210.3912483 2743427.4314685 2002.4226383
500211.8942905 2743425.5895218 2002.3367588
500214.3688447 2743422.9366420 2002.3657819
500215.9869032 2743421.2019801 2002.3847594
500216.8748169 2743420.2500800 2002.3951734
500218.4614574 2743418.5491003 2002.4137825
500220.0795159 2743416.8144385 2002.4327601
500222.5540701 2743414.1615587 2002.4617832
500223.6958381 2743412.9375107 2002.4751745
500224.1721286 2743412.4268969 2002.4807607
500224.6003764 2743411.9677879 2002.4857835
500228.2647413 2743408.0393553 2002.5287614
500228.6929891 2743407.5802463 2002.5337842
500230.5168592 2743405.6249413 2002.5551756
500232.3573539 2743403.6518137 2002.5767621
500232.7856018 2743403.1927047 2002.5817848
500234.4036603 2743401.4580429 2002.6007624
500236.4499666 2743399.2642721 2002.6247627
500236.8782145 2743398.8051631 2002.6297855
500237.3378804 2743398.3123720 2002.6351767
500238.4962730 2743397.0705013 2002.6487630
500238.9245208 2743396.6113923 2002.6537858
500240.5425793 2743394.8767305 2002.6727634
500240.9708272 2743394.4176215 2002.6777861
500242.5888857 2743392.6829597 2002.6967637
500243.0171335 2743392.2238507 2002.7017864
500244.1589015 2743390.9998026 2002.7151778
500244.6351920 2743390.4891889 2002.7207640
500245.0634399 2743390.0300799 2002.7257868
500246.6814984 2743388.2954181 2002.7447643
500248.7278047 2743386.1016473 2002.7687647
500250.7741110 2743383.9078765 2002.7927650
500250.9799227 2743383.6872333 2002.7951789
500251.8844610 2743382.7175105 2002.8057879
500252.8204174 2743381.7141057 2002.8167653
500257.8009438 2743376.3746639 2002.8751800
500258.7054822 2743375.4049412 2002.8857890
500259.6414385 2743374.4015363 2002.8967664
500264.6219650 2743369.0620946 2002.9551811
500265.5265033 2743368.0923718 2002.9657901
500266.4624597 2743367.0889670 2002.9767675
500271.4429861 2743361.7495253 2003.0351822
500272.3475245 2743360.7798025 2003.0457911
500273.2834808 2743359.7763976 2003.0567686
500278.2640073 2743354.4369559 2003.1151833
500279.1685456 2743353.4672331 2003.1257922
500280.1045020 2743352.4638283 2003.1367697
500284.6728429 2743347.4186384 2003.1951844
500285.1370983 2743346.8973557 2003.2007706
500285.5545023 2743346.4286694 2003.2057933
500289.5422966 2743341.9502467 2003.2537940
500291.3186816 2743339.9547461 2003.2751854
500293.1107145 2743337.9411932 2003.2967539
500293.5276033 2743337.4726936 2003.3017346
500297.5099435 2743332.9955845 2003.3480902
500297.9570177 2743332.4927425 2003.3531562
500299.4998515 2743330.7570636 2003.3704243
500301.0726654 2743328.9869854 2003.3876860
500301.4888383 2743328.5184944 2003.3921957
500303.4768440 2743326.2798241 2003.4134046
500304.5856336 2743325.0306601 2003.4249940
500305.4638087 2743324.0409997 2003.4340510
500307.4496725 2743321.8019685 2003.4541349
500311.0028617 2743317.7918039 2003.4886938
500311.2023116 2743317.5665393 2003.4905813
500312.9853363 2743315.5519170 2003.5072078
500314.9664829 2743313.3116241 2003.5251592
500316.9462413 2743311.0708729 2003.5425481
500317.8048322 2743310.0984317 2003.5499183
500318.1840745 2743309.6687699 2003.5531408
500318.9245516 2743308.8296111 2003.5593745
500320.9013536 2743306.5877867 2003.5756383
500321.3953114 2743306.0272365 2003.5796164
500322.8765873 2743304.3453477 2003.5913397
500324.3909722 2743302.6244012 2003.6030050
500324.8501924 2743302.1022422 2003.6064785
500328.3245642 2743300.1457140 2004.5037606
500334.0968620 2743305.2138207 2009.6247469
500331.6088105 2743308.0453964 2009.6064785
500331.1487877 2743308.5684679 2009.6030050
500329.6318175 2743310.2923523 2009.5913397
500328.1481039 2743311.9770091 2009.5796164
500327.6533532 2743312.5384589 2009.5756383
500325.6734781 2743314.7837685 2009.5593745
500324.9318911 2743315.6241851 2009.5531408
500324.5520890 2743316.0544812 2009.5499183
500323.6922525 2743317.0283331 2009.5425481
500321.7097368 2743319.2722052 2009.5251592
500319.7259913 2743321.5154370 2009.5072078
500317.9407644 2743323.5325476 2009.4905813
500317.7410762 2743323.7580812 2009.4886938
500314.1839137 2743327.7727302 2009.4541349
500312.1960529 2743330.0140130 2009.4340510
500311.3170459 2743331.0046109 2009.4249940
500310.2072506 2743332.2549079 2009.4134046
500308.2175668 2743334.4954680 2009.3921957
500307.8010629 2743334.9643316 2009.3876860
500306.2270615 2743336.7357462 2009.3704243
500304.6831601 2743338.4726261 2009.3531562
500304.2357947 2743338.9757957 2009.3480902
500300.2512166 2743343.4554207 2009.3017346
500299.8341307 2743343.9241419 2009.2967539
500298.0413302 2743345.9385572 2009.2751854
500296.2643124 2743347.9347686 2009.2537940
500292.2755615 2743352.4142658 2009.2057933
500291.8580944 2743352.8830228 2009.2007706
500291.3937772 2743353.4043751 2009.1951844
500286.6858144 2743358.6027473 2009.1367697
500285.7498580 2743359.6061522 2009.1257922
500284.8453197 2743360.5758749 2009.1151833
500279.8647933 2743365.9153167 2009.0567686
500278.9288369 2743366.9187215 2009.0457911
500278.0242985 2743367.8884443 2009.0351822
500273.0437721 2743373.2278860 2008.9767675
500272.1078157 2743374.2312909 2008.9657901
500271.2032774 2743375.2010136 2008.9551811
500266.2227510 2743380.5404553 2008.8967664
500265.2867946 2743381.5438602 2008.8857890
500264.3822562 2743382.5135830 2008.8751800
500259.4017298 2743387.8530247 2008.8167653
500258.4657734 2743388.8564296 2008.8057879
500257.5612351 2743389.8261523 2008.7951789
500257.3554235 2743390.0467955 2008.7927650
500255.3091171 2743392.2405663 2008.7687647
500253.2628108 2743394.4343371 2008.7447643
500251.6447523 2743396.1689989 2008.7257868
500251.2165044 2743396.6281079 2008.7207640
500250.7402139 2743397.1387217 2008.7151778
500249.5984459 2743398.3627697 2008.7017864
500249.1701981 2743398.8218787 2008.6967637
500247.5521396 2743400.5565405 2008.6777861
500247.1238917 2743401.0156495 2008.6727634
500245.5058333 2743402.7503113 2008.6537858
500245.0775854 2743403.2094203 2008.6487630
500243.9191928 2743404.4512910 2008.6351767
500243.4595269 2743404.9440821 2008.6297855
500243.0312790 2743405.4031911 2008.6247627
500240.9849727 2743407.5969619 2008.6007624
500239.3669142 2743409.3316237 2008.5817848
500238.9386664 2743409.7907327 2008.5767621
500237.0981716 2743411.7638604 2008.5551756
500235.2743015 2743413.7191654 2008.5337842
500234.8460537 2743414.1782744 2008.5287614
500231.1816888 2743418.1067070 2008.4857835
500230.7534410 2743418.5658160 2008.4807607
500230.2771505 2743419.0764297 2008.4751745
500229.1353825 2743420.3004778 2008.4617832
500226.6608283 2743422.9533576 2008.4327601
500225.0427698 2743424.6880194 2008.4137825
500223.4561293 2743426.3889991 2008.3951734
500222.5682156 2743427.3408992 2008.3847594
500220.9501571 2743429.0755610 2008.3657819
500218.4756029 2743431.7284408 2008.3367588
500216.8575444 2743433.4631026 2008.3177812
500216.6351082 2743433.7015684 2008.3151723
500209.8140870 2743441.0141378 2008.2351712
500202.9930659 2743448.3267071 2008.1551701
500197.7586852 2743453.9382968 2008.0937781
500196.6483352 2743455.1286627 2008.0807553
500196.6476310 2743455.1280059 2008.0801133