499269.7898557 2744916.7745388 1982.5828303
499271.9910712 2744911.1929037 1982.7388299
499273.0916790 2744908.4020862 1982.8168296
499274.1922867 2744905.6112686 1982.8948294
499275.2918040 2744902.8233286 1982.9728292
499278.9537645 2744893.5750269 1983.2323920
499283.0082821 2744883.4123731 1983.5146811
499285.2314667 2744877.8737599 1983.6670616
499286.3461355 2744875.1056900 1983.7428296
499287.4628543 2744872.3384464 1983.8183161
499288.5816227 2744869.5720309 1983.8935211
499294.2061854 2744855.7524255 1984.2653232
499297.9843126 2744846.5509694 1984.5092815
499301.7851479 2744837.3588701 1984.7501120
499305.6086681 2744828.1761835 1984.9878148
499307.9136593 2744822.6711130 1985.1289353
499313.7117962 2744808.9234293 1985.4768105
499314.8775314 2744806.1764748 1985.5455411
499316.0453011 2744803.4303846 1985.6139902
499318.3869413 2744797.9408029 1985.7500441
499322.3077394 2744788.7992285 1985.9742987
499326.6466729 2744778.7547126 1986.2173667
499330.6148189 2744769.6335911 1986.4350540
499334.6054739 2744760.5222953 1986.6496141
499338.6186139 2744751.4208807 1986.8610470
499342.2496441 2744743.2381019 1987.0486630
499348.3417411 2744729.6181330 1987.3557278
499353.2517125 2744718.7384618 1987.5963140
499358.1938984 2744707.8733864 1987.8323975
499363.1682554 2744697.0230022 1988.0639785
499367.3380964 2744687.9923065 1988.2535233
499372.9172334 2744677.4239593 1988.4603675
499367.9170251 2744688.2604891 1988.0000000
499363.7297123 2744697.2814093 1987.9435245
499358.8162875 2744708.1576055 1987.2709717
499353.9139574 2744719.0385132 1986.7493260
499349.0469022 2744729.9351140 1986.2015319
499342.9838888 2744743.5648929 1985.6907710
499339.3527515 2744751.7456714 1985.5092164
499335.3281095 2744760.8398662 1985.3873650
499331.3229759 2744769.9427153 1985.2838116
499327.3450911 2744779.0575347 1985.1424210
499322.9896961 2744789.0927154 1985.0247778
499319.1017873 2744798.2463542 1984.5673106
499316.8201842 2744803.7602411 1983.9995281
499315.7257484 2744806.5368066 1983.4016696
499314.6540929 2744809.3229035 1982.6536383
499308.8865114 2744823.0792966 1982.0955071
499306.5772120 2744828.5808731 1981.9898759
499302.7700455 2744837.7675393 1981.6413260
499298.9698973 2744846.9570742 1981.4027954
499295.1365858 2744856.1331073 1981.5635375
499289.3762682 2744869.8937366 1982.1782154
499288.3501310 2744872.6968884 1981.4386939
499287.3926234 2744875.5275486 1980.2207092
499286.3536948 2744878.3251848 1979.6029293
499284.2219161 2744883.8984790 1978.7989063
499280.2423582 2744894.0871001 1977.9883124
499276.5084311 2744903.3033280 1978.2535510
499275.2700869 2744906.0363180 1979.1709261
499274.0157049 2744908.7664920 1980.1949283
499272.7718773 2744911.5008283 1981.1432931
499269.7898557 2744916.7745388 1982.5828303