500241.7202802 2743456.6545745 2002.3177812
500245.8128929 2743452.2670329 2002.3657819
500249.9055056 2743447.8794913 2002.4137825
500253.9981183 2743443.4919497 2002.4617832
500256.0444246 2743441.2981789 2002.4857835
500260.1370373 2743436.9106373 2002.5337842
500264.2296500 2743432.5230957 2002.5817848
500268.3222627 2743428.1355540 2002.6297855
500270.3685690 2743425.9417832 2002.6537858
500272.4148754 2743423.7480124 2002.6777861
500274.4611817 2743421.5542416 2002.7017864
500276.5074881 2743419.3604708 2002.7257868
500283.3285092 2743412.0479015 2002.8057879
500290.1495304 2743404.7353321 2002.8857890
500296.9705515 2743397.4227628 2002.9657901
500303.7915727 2743390.1101934 2003.0457911
500310.6125938 2743382.7976241 2003.1257922
500317.6662296 2743375.0265187 2003.2057933
500321.6585942 2743370.5429626 2003.2537940
500325.6515337 2743366.0568341 2003.3017346
500329.6445658 2743361.5677046 2003.3480902
500331.6409657 2743359.3218807 2003.3704243
500333.6372077 2743357.0751459 2003.3921957
500335.6332312 2743354.8274468 2003.4134046
500337.6289756 2743352.5787297 2003.4340510
500340.2617398 2743350.8940418 2001.7754576
500338.4743080 2743353.3287296 1999.9001669
500336.6578244 2743355.7370545 1998.2793964
500334.8940526 2743358.1915721 1996.1849230
500332.9995012 2743360.5292538 1995.2536433
500331.0757345 2743362.8402115 1994.5809143
500327.1716928 2743367.4094843 1993.7361795
500323.2479225 2743371.9579206 1993.0676181
500319.3311772 2743376.5092767 1992.3425323
500312.2717199 2743384.3452243 1992.0000000
500305.4419235 2743391.6496083 1992.0000000
500298.6121272 2743398.9539923 1992.0000000
500291.7823308 2743406.2583764 1992.0000000
500284.9525345 2743413.5627604 1992.0000000
500278.0754546 2743420.8230392 1992.4310709
500275.9460602 2743422.9393071 1993.1645616
500273.8221515 2743425.0606920 1993.8480401
500271.6891015 2743427.1735500 1994.6148573
500269.5510532 2743429.2817458 1995.4272429
500265.3439149 2743433.5624601 1996.4233406
500261.1735186 2743437.8774467 1997.0844715
500257.0034734 2743442.1927608 1997.7424014
500254.8765854 2743444.3113666 1998.4530418
500250.5564778 2743448.4867054 2000.4790491
500246.3728481 2743452.7893481 2001.2608255
500241.7202802 2743456.6545745 2002.3177812