497620.2254084 2746948.2098036 1966.9151761
497622.7060705 2746946.5203007 1966.3062792
497631.1135096 2746941.1058044 1966.0000000
497639.5449252 2746935.7288875 1966.0000000
497647.9756065 2746930.3508196 1966.0000000
497656.4055534 2746924.9716008 1966.0000000
497664.8480115 2746919.6119913 1966.1641717
497673.3167704 2746914.2936043 1966.6634330
497678.3962437 2746911.0997789 1966.9452701
497688.5550148 2746904.7118532 1967.5165999
497678.7679966 2746911.6824438 1967.5529864
497673.7098299 2746914.9096640 1967.5352356
497665.2795522 2746920.2883643 1967.5129322
497656.8492744 2746925.6670646 1967.4997304
497648.4189967 2746931.0457649 1967.4956302
497639.9887189 2746936.4244653 1967.5006315
497631.5584412 2746941.8031656 1967.5147344
497623.1281634 2746947.1818659 1967.5379389
497620.5990801 2746948.7954760 1967.5466750
497618.0699968 2746950.4090861 1967.5562304
497620.2254084 2746948.2098036 1966.9151761