498860.0501469 2745768.6258966 1965.9906525
498864.8458798 2745759.9430769 1965.8081708
498868.1648133 2745753.8442159 1965.5395865
498872.3581976 2745745.9628423 1964.8145512
498875.1198240 2745740.6905710 1964.1873398
498882.0910969 2745727.5473796 1963.5258779
498887.5881221 2745716.9909798 1962.7996948
498890.2812634 2745711.6839755 1962.1554444
498895.7220225 2745701.0994908 1961.5498496
498901.1209916 2745690.4940600 1960.9924535
498906.4670921 2745679.8622215 1960.4008945
498910.8975144 2745670.9903720 1960.0000000
498915.3480759 2745662.1289063 1960.0000000
498919.7651174 2745653.2506807 1960.0000000
498924.1485741 2745644.3558262 1960.0000000
498928.4983812 2745635.4444736 1960.0000000
498932.8144749 2745626.5167542 1960.0000000
498937.0967917 2745617.5727996 1960.0000000
498941.3452685 2745608.6127415 1960.0000000
498945.5598428 2745599.6367119 1960.0000000
498949.7404529 2745590.6448431 1960.0000000
498953.8870658 2745581.6372099 1960.0000000
498958.0007041 2745572.6124157 1960.0000000
498962.0826421 2745563.5702638 1960.0000000
498966.1338926 2745554.5113519 1960.0000000
498970.1554756 2745545.4362666 1960.0000000
498974.1484177 2745536.3455840 1960.0000000
498978.1137509 2745527.2398693 1960.0000000
498982.0525133 2745518.1196779 1960.0000000
498985.9657489 2745508.9855552 1960.0000000
498991.5559529 2745496.2402163 1961.1050688
498993.9620380 2745490.7801305 1961.7532440
498996.3939277 2745485.3295716 1962.6455861
498997.6171588 2745482.6068156 1963.1653897
498998.8385278 2745479.8829043 1963.6853714
499000.0659967 2745477.1611780 1964.2628822
499001.3035692 2745474.4432966 1964.9266046
499002.5345006 2745471.7222471 1965.5552997
499003.7563394 2745468.9970240 1966.1310918
499004.9744001 2745466.2698588 1966.6921954
499004.4509568 2745469.2864515 1967.1477823
499003.3015667 2745472.0424454 1967.0967289
499002.1504654 2745474.7974740 1967.0464258
499000.9976241 2745477.5515236 1966.9968730
498999.8430137 2745480.3045807 1966.9480705
498998.6866055 2745483.0566317 1966.9000183
498997.5283707 2745485.8076629 1966.8527164
498995.2063059 2745491.3066113 1966.7603634
498992.8765896 2745496.8013154 1966.6710115
498987.4095420 2745509.6051582 1966.4741939
498983.4766317 2745518.7354451 1966.3436127
498979.5192992 2745527.8523656 1966.2213668
498975.5364979 2745536.9553776 1966.1074560
498971.5271867 2745546.0439298 1966.0018800
498967.4903300 2745555.1174619 1965.9046387
498963.4248974 2745564.1754034 1965.8157317
498959.3298644 2745573.2171741 1965.7351590
498955.2042134 2745582.2421834 1965.6629204
498951.0466872 2745591.2505879 1965.5990157
498946.8563063 2745600.2436902 1965.5434447
498942.6330997 2745609.2214242 1965.4962075
498938.3771239 2745618.1836701 1965.4573037
498934.0884356 2745627.1303082 1965.4267335
498929.7670921 2745636.0612192 1965.4044967
498925.4131511 2745644.9762839 1965.3905933
498921.0266706 2745653.8753833 1965.3850232
498916.6077093 2745662.7583987 1965.3877865
498912.1563260 2745671.6252114 1965.3988831
498907.6725801 2745680.4757032 1965.4183130
498902.2494509 2745691.0745834 1965.4526291
498896.7799101 2745701.6495876 1965.4989453
498891.2640628 2745712.2005127 1965.5572619
498888.4888073 2745717.4668821 1965.5909204
498882.9036993 2745727.9813084 1965.6672379
498875.8575834 2745741.0897447 1965.7795109
498873.0190420 2745746.3222749 1965.8296706
498868.7397419 2745754.1593729 1965.9105358
498865.3935966 2745760.2451413 1965.9780983
498860.5864167 2745768.9242083 1966.0817004
498855.7475625 2745777.5856557 1966.1936374
498860.0501469 2745768.6258966 1965.9906525