499244.7746456 2744861.2895063 1982.8536018
499245.8020159 2744858.4513165 1982.2134430
499249.5181954 2744849.1078265 1982.0650316
499254.7577687 2744836.0414052 1981.8382694
499258.5508622 2744826.7286371 1981.8372394
499262.3900914 2744817.4347940 1982.0000000
499266.2301812 2744808.1411831 1982.0000000
499270.0936727 2744798.8571837 1982.0000000
499273.9805414 2744789.5828557 1982.0000000
499277.8908650 2744780.3183029 1982.0007423
499282.6774922 2744769.2411181 1982.4622453
499288.7104183 2744755.4163261 1983.0587477
499292.3827586 2744747.1445629 1983.6174302
499296.4523441 2744737.9492049 1984.0000000
499299.7170315 2744730.5969746 1984.2505522
499303.4535051 2744722.3541479 1984.8684561
499307.2124886 2744714.1216879 1985.5149583
499309.7411332 2744708.6437540 1986.0361802
499311.0509426 2744705.9253885 1986.6069227
499312.3648010 2744703.2089771 1987.1924509
499311.7174942 2744706.2262585 1987.4823206
499310.4777227 2744708.9755812 1987.4220602
499308.0042909 2744714.4769779 1987.3006951
499304.3094316 2744722.7359284 1987.1165368
499300.6329347 2744731.0030694 1986.9298456
499297.3803674 2744738.3584820 1986.7617715
499293.3351004 2744747.5617591 1986.5488645
499289.7137990 2744755.8532261 1986.3545744
499283.7192709 2744769.6901551 1986.0251287
499278.9605725 2744780.7756244 1985.7565059
499275.0200952 2744790.0242532 1985.5292134
499271.1024660 2744799.2825833 1985.2987935
499267.2077088 2744808.5505583 1985.0652461
499263.3358473 2744817.8281218 1984.8285710
499259.4869052 2744827.1152172 1984.5887683
499255.6609059 2744836.4117877 1984.3458379
499250.3430952 2744849.4427970 1984.0004806
499246.5722535 2744858.7618768 1983.7500433
499245.4454892 2744861.5594134 1983.6743022
499244.3207974 2744864.3577839 1983.5982795
499244.7746456 2744861.2895063 1982.8536018