500215.4163028 2743420.6697353 2001.1827540
500219.4224122 2743416.2015052 2000.4421285
500223.4257318 2743411.7306727 1999.6760685
500227.4195939 2743407.2510185 1998.8237874
500231.4108103 2743402.7688964 1997.9473864
500233.3878611 2743400.5105254 1997.3400031
500235.3648457 2743398.2520926 1996.7320163
500237.3444002 2743395.9960569 1996.1474580
500239.3273369 2743393.7431762 1995.5937356
500241.3094247 2743391.4895036 1995.0322727
500243.2914088 2743389.2357342 1994.4698649
500245.2698886 2743386.9786962 1993.8755093
500247.2379740 2743384.7119625 1993.1863915
500249.2082532 2743382.4472750 1992.5172735
500251.1962344 2743380.1990997 1992.0095398
500258.0074340 2743372.8773689 1992.0000000
500264.8196799 2743365.5566142 1992.0000000
500271.6319259 2743358.2358596 1992.0000000
500278.4805973 2743350.9490819 1992.3320812
500283.5024983 2743345.4415936 1992.6082911
500291.5269221 2743336.5318280 1993.1629349
500299.5398708 2743327.6252876 1993.7191009
500309.6024198 2743316.5517981 1995.0185482
500311.7150005 2743314.4280391 1996.1996790
500313.8130856 2743312.2920989 1997.2624825
500315.9184256 2743310.1632001 1998.4010065
500318.0369110 2743308.0465012 1999.6679816
500320.1309901 2743305.9088499 2000.7299912
500322.2006207 2743303.7502567 2001.5874002
500324.2642214 2743301.5869718 2002.4044883
500322.8765873 2743304.3453477 2003.5913397
500320.9013536 2743306.5877867 2003.5756383
500318.9245516 2743308.8296111 2003.5593745
500316.9462413 2743311.0708729 2003.5425481
500314.9664829 2743313.3116241 2003.5251592
500312.9853363 2743315.5519170 2003.5072078
500311.0028617 2743317.7918039 2003.4886938
500301.0726654 2743328.9869854 2003.3876860
500293.1107145 2743337.9411932 2003.2967539
500285.1370983 2743346.8973557 2003.2007706
500280.1045020 2743352.4638283 2003.1367697
500273.2834808 2743359.7763976 2003.0567686
500266.4624597 2743367.0889670 2002.9767675
500259.6414385 2743374.4015363 2002.8967664
500252.8204174 2743381.7141057 2002.8167653
500250.7741110 2743383.9078765 2002.7927650
500248.7278047 2743386.1016473 2002.7687647
500246.6814984 2743388.2954181 2002.7447643
500244.6351920 2743390.4891889 2002.7207640
500242.5888857 2743392.6829597 2002.6967637
500240.5425793 2743394.8767305 2002.6727634
500238.4962730 2743397.0705013 2002.6487630
500236.4499666 2743399.2642721 2002.6247627
500234.4036603 2743401.4580429 2002.6007624
500232.3573539 2743403.6518137 2002.5767621
500228.2647413 2743408.0393553 2002.5287614
500224.1721286 2743412.4268969 2002.4807607
500220.0795159 2743416.8144385 2002.4327601
500215.9869032 2743421.2019801 2002.3847594
500211.8942905 2743425.5895218 2002.3367588
500215.4163028 2743420.6697353 2001.1827540