497542.78098 2747049.45173 1968.56428
497552.89732 2747042.99729 1968.40345
497547.83915 2747046.22451 1968.48223
497609.38018 2747006.96000 1967.74643
497606.85110 2747008.57361 1967.76711
497600.94990 2747012.33870 1967.81855
497609.38018 2747006.96000 1967.74643
497600.94990 2747012.33870 1967.81855
497598.42082 2747013.95231 1967.84196
497593.36844 2747017.17584 1967.89227
497600.94990 2747012.33870 1967.81855
497677.42144 2746963.54820 1967.49804
497674.29332 2746965.54401 1967.49597
497673.45029 2746966.08188 1967.49576
497677.42144 2746963.54820 1967.49804
497660.50450 2746974.34158 1967.50454
497657.43276 2746976.30141 1967.50914
497656.58973 2746976.83928 1967.51076
497660.50450 2746974.34158 1967.50454
497639.72918 2746987.59668 1967.56216
497632.14193 2746992.43751 1967.59717
497631.29890 2746992.97538 1967.60151
497639.72918 2746987.59668 1967.56216
497589.14751 2747019.86888 1967.93481
497581.56026 2747024.70971 1968.01897
497580.71723 2747025.24758 1968.02878
497589.14751 2747019.86888 1967.93481