497542.78098 2747049.45173 1968.56428
497539.31123 2747051.45018 1968.74182
497530.51328 2747056.25261 1969.34521
497521.71309 2747061.05153 1969.96048
497513.38477 2747066.59003 1970.00000
497505.02552 2747072.08005 1970.08697
497496.47276 2747077.26679 1970.42287
497487.91944 2747082.45263 1970.76859
497479.31772 2747087.56262 1971.18339
497470.68414 2747092.62268 1971.64679
497461.97093 2747097.55792 1972.21801
497452.75970 2747101.71261 1973.41560
497444.05054 2747106.65421 1974.00000
497435.33499 2747111.58578 1974.60144
497426.72913 2747116.68929 1975.07603
497418.11352 2747121.77751 1975.57182
497409.27324 2747126.51358 1976.35520
497400.02410 2747130.60886 1977.65443
497399.68360 2747130.07517 1978.07647
497408.11388 2747124.69647 1977.79217
497416.54415 2747119.31777 1977.51698
497424.97443 2747113.93907 1977.25091
497433.40471 2747108.56037 1976.99394
497441.83499 2747103.18167 1976.74609
497450.26527 2747097.80297 1976.50734
497458.69554 2747092.42427 1976.27770
497467.12582 2747087.04557 1976.05718
497475.55610 2747081.66687 1975.84576
497483.98638 2747076.28817 1975.64344
497492.41665 2747070.90947 1975.45024
497500.84693 2747065.53077 1975.26614
497509.27721 2747060.15207 1975.09115
497517.70749 2747054.77336 1974.92526
497526.13777 2747049.39466 1974.76848
497534.56804 2747044.01596 1974.62080
497537.94015 2747041.86448 1974.56428
497542.99832 2747038.63726 1974.48223
497548.05649 2747035.41004 1974.40345
497551.42860 2747033.25856 1974.35276
497556.48677 2747030.03134 1974.27944
497559.85888 2747027.87986 1974.23239
497564.91704 2747024.65264 1974.16454
497568.28915 2747022.50116 1974.12113
497575.87640 2747017.66033 1974.02878
497576.71943 2747017.12246 1974.01897
497584.30668 2747012.28163 1973.93481
497585.14971 2747011.74376 1973.92591
497593.57999 2747006.36506 1973.84196
497596.10907 2747004.75145 1973.81855
497602.01027 2747000.98636 1973.76711
497604.53935 2746999.37275 1973.74643
497610.44054 2746995.60766 1973.70136
497612.96963 2746993.99405 1973.68341
497618.87082 2746990.22896 1973.64471
497621.39990 2746988.61535 1973.62949
497626.45807 2746985.38813 1973.60151
497627.30110 2746984.85026 1973.59717
497634.88835 2746980.00943 1973.56216
497635.73138 2746979.47156 1973.55872
497636.35758 2746979.07203 1973.55623
497638.88666 2746977.45842 1973.54668
497641.41574 2746975.84481 1973.53794
497643.31863 2746974.63073 1973.53191
497644.16165 2746974.09286 1973.52938
497649.84602 2746970.46611 1973.51473
497651.74890 2746969.25203 1973.51076
497652.59193 2746968.71416 1973.50914
497658.27630 2746965.08741 1973.50063
497660.17918 2746963.87333 1973.49871
497661.02221 2746963.33546 1973.49800
497666.70658 2746959.70871 1973.49563
497668.60946 2746958.49463 1973.49576
497669.45249 2746957.95676 1973.49597
497675.13686 2746954.33001 1973.49973
497677.03974 2746953.11593 1973.50192
497677.88277 2746952.57806 1973.50303
497682.09790 2746949.88871 1973.50998
497683.56713 2746948.95131 1973.51293
497686.31304 2746947.19936 1973.51920
497691.99741 2746943.57261 1973.53524
497692.21424 2746943.43427 1973.53593
497694.74332 2746941.82066 1973.54447
497697.05558 2746940.34539 1973.55299
497703.17360 2746936.44196 1973.57884
497707.17191 2746933.89095 1973.59832
497711.60388 2746931.06326 1973.62231
497720.03415 2746925.68456 1973.67488
497728.46443 2746920.30586 1973.73656
497736.89471 2746914.92716 1973.80733
497745.32499 2746909.54846 1973.88721
497753.75526 2746904.16976 1973.97619
497762.18554 2746898.79106 1974.07428
497770.61582 2746893.41236 1974.18147
497779.04610 2746888.03366 1974.29776
497787.47638 2746882.65496 1974.42315
497795.90665 2746877.27625 1974.55765
497804.33693 2746871.89755 1974.70126
497812.76721 2746866.51885 1974.85396
497821.19749 2746861.14015 1975.01578
497829.62776 2746855.76145 1975.18669
497838.05804 2746850.38275 1975.36672
497846.48879 2746845.00355 1975.55171
497854.92020 2746839.62259 1975.73671
497863.35161 2746834.23885 1975.92171
497871.78238 2746828.85134 1976.10671
497880.21186 2746823.45903 1976.29171
497888.63941 2746818.06093 1976.47671
497897.06437 2746812.65601 1976.66171
497897.14848 2746812.78700 1976.55793
497889.02482 2746818.66218 1976.00059
497880.51419 2746823.93135 1975.91785
497872.32261 2746829.69633 1975.43809
497864.16235 2746835.50811 1974.91764
497856.00094 2746841.31563 1974.39765
497847.74082 2746846.96568 1974.00000
497839.16072 2746852.11102 1974.00000
497830.58520 2746857.26208 1974.00000
497822.01702 2746862.42464 1974.00000
497813.45619 2746867.59873 1974.00000
497804.90271 2746872.78432 1974.00000
497796.35657 2746877.98143 1974.00000
497787.81778 2746883.19005 1974.00000
497779.30519 2746888.43974 1973.97663
497771.31148 2746894.50270 1973.31922
497763.35080 2746900.61742 1972.62999
497755.45241 2746906.82976 1971.87266
497747.45773 2746912.89120 1971.24377
497739.48792 2746918.99162 1970.59315
497731.57736 2746925.18488 1969.87822
497723.76709 2746931.53536 1969.04806
497716.00718 2746937.96476 1968.16460
497711.68866 2746940.97025 1968.00000
497707.68593 2746943.51433 1967.98600
497701.78719 2746947.76146 1967.68835
497699.56099 2746949.37160 1967.57318
497697.05507 2746951.02152 1967.53593
497696.83824 2746951.15986 1967.53524
497691.15387 2746954.78661 1967.51920
497688.40796 2746956.53856 1967.51293
497686.93873 2746957.47596 1967.50998
497697.38468 2746951.53813 1967.45058
497687.30726 2746958.05357 1966.94222
497682.26855 2746961.31128 1966.69304
497673.86102 2746966.72563 1966.40498
497665.45195 2746972.13758 1966.14501
497657.03434 2746977.53614 1966.00000
497648.60577 2746982.91751 1966.00000
497640.17794 2746988.30004 1966.00000
497631.72055 2746993.63625 1966.37536
497626.65098 2746996.84560 1966.54464
497618.22336 2747002.22846 1966.56570
497609.78603 2747007.59611 1966.71609
497601.34613 2747012.95973 1966.90747
497589.52825 2747020.46562 1967.21578
497581.08717 2747025.82741 1967.44353
497570.11477 2747032.79928 1967.74093
497561.67503 2747038.16315 1967.97309
497553.25209 2747043.55335 1968.00618
497542.78098 2747049.45173 1968.56428