498918.24005 2745753.08294 1965.70589
498922.51555 2745745.08310 1965.64344
498926.76471 2745737.06924 1965.58774
498930.98751 2745729.04146 1965.53878
498933.78803 2745723.68191 1965.50990
498935.18389 2745720.99983 1965.49658
498936.57680 2745718.31623 1965.48401
498940.73789 2745710.25629 1965.45081
498944.87245 2745702.18271 1965.42436
498948.98045 2745694.09557 1965.40465
498953.51367 2745685.09408 1965.39068
498958.01398 2745676.07610 1965.38504
498962.48132 2745667.04173 1965.38773
498966.91562 2745657.99110 1965.39875
498971.31683 2745648.92433 1965.41811
498975.68489 2745639.84154 1965.44580
498980.01974 2745630.74286 1965.48183
498984.32132 2745621.62840 1965.52618
498988.58957 2745612.49829 1965.57888
498992.82444 2745603.35264 1965.63990
498997.02559 2745594.19253 1965.70926
499001.19314 2745585.01990 1965.78696
499005.32816 2745575.83537 1965.87298
499009.43172 2745566.63956 1965.96735
499013.50488 2745557.43306 1966.07004
499017.54872 2745548.21646 1966.18107
499021.56433 2745538.99034 1966.30044
499025.55279 2745529.75525 1966.42814
499027.93329 2745524.21012 1966.50876
499031.48696 2745515.88701 1966.63532
499035.41232 2745506.63191 1966.78386
499039.70331 2745496.44317 1966.95689
499042.03248 2745490.88232 1967.05552
499044.35393 2745485.31924 1967.15715
499047.82214 2745476.97070 1967.31522
499049.63653 2745474.46065 1966.59399
499048.63778 2745477.30865 1965.42932
499045.34830 2745485.73343 1963.97590
499043.13449 2745491.34303 1963.09260
499040.91130 2745496.95009 1962.22328
499036.62594 2745507.14489 1962.00000
499032.73377 2745516.41765 1961.60175
499029.24369 2745524.77143 1961.00501
499026.91215 2745530.34011 1960.56255
499022.98107 2745539.60455 1960.00612
499018.94811 2745548.82796 1960.00000
499014.88718 2745558.04206 1960.00000
499010.79803 2745567.24662 1960.00000
499006.67958 2745576.44108 1960.00000
499002.53075 2745585.62484 1960.00000
498998.35048 2745594.79730 1960.00000
498994.13769 2745603.95783 1960.00000
498989.89230 2745613.10441 1960.00000
498985.61467 2745622.23591 1960.00000
498981.30485 2745631.35224 1960.00000
498976.96290 2745640.45328 1960.00000
498972.58885 2745649.53893 1960.00000
498968.18278 2745658.60907 1960.00000
498963.74473 2745667.66359 1960.00000
498959.27475 2745676.70239 1960.00000
498954.77290 2745685.72536 1960.00000
498950.19040 2745694.70769 1960.36478
498945.99967 2745702.75763 1960.98856
498941.78754 2745710.79600 1961.58227
498937.54842 2745718.81987 1962.18804
498936.08557 2745721.46848 1962.72192
498934.61917 2745724.11504 1963.26171
498931.74547 2745729.43857 1963.83418
498927.45042 2745737.43138 1964.41803
498923.10707 2745745.39799 1965.17599