499269.78986 2744916.77454 1982.58283
499271.99107 2744911.19290 1982.73883
499273.09168 2744908.40209 1982.81683
499274.19229 2744905.61127 1982.89483
499275.29180 2744902.82333 1982.97283
499278.95376 2744893.57503 1983.23239
499283.00828 2744883.41237 1983.51468
499285.23147 2744877.87376 1983.66706
499286.34614 2744875.10569 1983.74283
499287.46285 2744872.33845 1983.81832
499288.58162 2744869.57203 1983.89352
499294.20619 2744855.75243 1984.26532
499297.98431 2744846.55097 1984.50928
499301.78515 2744837.35887 1984.75011
499305.60867 2744828.17618 1984.98781
499307.91366 2744822.67111 1985.12894
499313.71180 2744808.92343 1985.47681
499314.87753 2744806.17647 1985.54554
499316.04530 2744803.43038 1985.61399
499318.38694 2744797.94080 1985.75004
499322.30774 2744788.79923 1985.97430
499326.64667 2744778.75471 1986.21737
499330.61482 2744769.63359 1986.43505
499334.60547 2744760.52230 1986.64961
499338.61861 2744751.42088 1986.86105
499342.24964 2744743.23810 1987.04866
499348.34174 2744729.61813 1987.35573
499353.25171 2744718.73846 1987.59631
499358.19390 2744707.87339 1987.83240
499363.16826 2744697.02300 1988.06398
499367.33810 2744687.99231 1988.25352
499372.91723 2744677.42396 1988.46037
499367.91703 2744688.26049 1988.00000
499363.72971 2744697.28141 1987.94352
499358.81629 2744708.15761 1987.27097
499353.91396 2744719.03851 1986.74933
499349.04690 2744729.93511 1986.20153
499342.98389 2744743.56489 1985.69077
499339.35275 2744751.74567 1985.50922
499335.32811 2744760.83987 1985.38737
499331.32298 2744769.94272 1985.28381
499327.34509 2744779.05753 1985.14242
499322.98970 2744789.09272 1985.02478
499319.10179 2744798.24635 1984.56731
499316.82018 2744803.76024 1983.99953
499315.72575 2744806.53681 1983.40167
499314.65409 2744809.32290 1982.65364
499308.88651 2744823.07930 1982.09551
499306.57721 2744828.58087 1981.98988
499302.77005 2744837.76754 1981.64133
499298.96990 2744846.95707 1981.40280
499295.13659 2744856.13311 1981.56354
499289.37627 2744869.89374 1982.17822
499288.35013 2744872.69689 1981.43869
499287.39262 2744875.52755 1980.22071
499286.35369 2744878.32518 1979.60293
499284.22192 2744883.89848 1978.79891
499280.24236 2744894.08710 1977.98831
499276.50843 2744903.30333 1978.25355
499275.27009 2744906.03632 1979.17093
499274.01570 2744908.76649 1980.19493
499272.77188 2744911.50083 1981.14329