500241.72028 2743456.65457 2002.31778
500245.81289 2743452.26703 2002.36578
500249.90551 2743447.87949 2002.41378
500253.99812 2743443.49195 2002.46178
500256.04442 2743441.29818 2002.48578
500260.13704 2743436.91064 2002.53378
500264.22965 2743432.52310 2002.58178
500268.32226 2743428.13555 2002.62979
500270.36857 2743425.94178 2002.65379
500272.41488 2743423.74801 2002.67779
500274.46118 2743421.55424 2002.70179
500276.50749 2743419.36047 2002.72579
500283.32851 2743412.04790 2002.80579
500290.14953 2743404.73533 2002.88579
500296.97055 2743397.42276 2002.96579
500303.79157 2743390.11019 2003.04579
500310.61259 2743382.79762 2003.12579
500317.66623 2743375.02652 2003.20579
500321.65859 2743370.54296 2003.25379
500325.65153 2743366.05683 2003.30173
500329.64457 2743361.56770 2003.34809
500331.64097 2743359.32188 2003.37042
500333.63721 2743357.07515 2003.39220
500335.63323 2743354.82745 2003.41340
500337.62898 2743352.57873 2003.43405
500340.26174 2743350.89404 2001.77546
500338.47431 2743353.32873 1999.90017
500336.65782 2743355.73705 1998.27940
500334.89405 2743358.19157 1996.18492
500332.99950 2743360.52925 1995.25364
500331.07573 2743362.84021 1994.58091
500327.17169 2743367.40948 1993.73618
500323.24792 2743371.95792 1993.06762
500319.33118 2743376.50928 1992.34253
500312.27172 2743384.34522 1992.00000
500305.44192 2743391.64961 1992.00000
500298.61213 2743398.95399 1992.00000
500291.78233 2743406.25838 1992.00000
500284.95253 2743413.56276 1992.00000
500278.07545 2743420.82304 1992.43107
500275.94606 2743422.93931 1993.16456
500273.82215 2743425.06069 1993.84804
500271.68910 2743427.17355 1994.61486
500269.55105 2743429.28175 1995.42724
500265.34391 2743433.56246 1996.42334
500261.17352 2743437.87745 1997.08447
500257.00347 2743442.19276 1997.74240
500254.87659 2743444.31137 1998.45304
500250.55648 2743448.48671 2000.47905
500246.37285 2743452.78935 2001.26083