497620.22541 2746948.20980 1966.91518
497622.70607 2746946.52030 1966.30628
497631.11351 2746941.10580 1966.00000
497639.54493 2746935.72889 1966.00000
497647.97561 2746930.35082 1966.00000
497656.40555 2746924.97160 1966.00000
497664.84801 2746919.61199 1966.16417
497673.31677 2746914.29360 1966.66343
497678.39624 2746911.09978 1966.94527
497688.55501 2746904.71185 1967.51660
497678.76800 2746911.68244 1967.55299
497673.70983 2746914.90966 1967.53524
497665.27955 2746920.28836 1967.51293
497656.84927 2746925.66706 1967.49973
497648.41900 2746931.04576 1967.49563
497639.98872 2746936.42447 1967.50063
497631.55844 2746941.80317 1967.51473
497623.12816 2746947.18187 1967.53794
497620.59908 2746948.79548 1967.54668
497618.07000 2746950.40909 1967.55623