498860.05015 2745768.62590 1965.99065
498864.84588 2745759.94308 1965.80817
498868.16481 2745753.84422 1965.53959
498872.35820 2745745.96284 1964.81455
498875.11982 2745740.69057 1964.18734
498882.09110 2745727.54738 1963.52588
498887.58812 2745716.99098 1962.79969
498890.28126 2745711.68398 1962.15544
498895.72202 2745701.09949 1961.54985
498901.12099 2745690.49406 1960.99245
498906.46709 2745679.86222 1960.40089
498910.89751 2745670.99037 1960.00000
498915.34808 2745662.12891 1960.00000
498919.76512 2745653.25068 1960.00000
498924.14857 2745644.35583 1960.00000
498928.49838 2745635.44447 1960.00000
498932.81447 2745626.51675 1960.00000
498937.09679 2745617.57280 1960.00000
498941.34527 2745608.61274 1960.00000
498945.55984 2745599.63671 1960.00000
498949.74045 2745590.64484 1960.00000
498953.88707 2745581.63721 1960.00000
498958.00070 2745572.61242 1960.00000
498962.08264 2745563.57026 1960.00000
498966.13389 2745554.51135 1960.00000
498970.15548 2745545.43627 1960.00000
498974.14842 2745536.34558 1960.00000
498978.11375 2745527.23987 1960.00000
498982.05251 2745518.11968 1960.00000
498985.96575 2745508.98556 1960.00000
498991.55595 2745496.24022 1961.10507
498993.96204 2745490.78013 1961.75324
498996.39393 2745485.32957 1962.64559
498997.61716 2745482.60682 1963.16539
498998.83853 2745479.88290 1963.68537
499000.06600 2745477.16118 1964.26288
499001.30357 2745474.44330 1964.92660
499002.53450 2745471.72225 1965.55530
499003.75634 2745468.99702 1966.13109
499004.97440 2745466.26986 1966.69220
499004.45096 2745469.28645 1967.14778
499003.30157 2745472.04245 1967.09673
499002.15047 2745474.79747 1967.04643
499000.99762 2745477.55152 1966.99687
498999.84301 2745480.30458 1966.94807
498998.68661 2745483.05663 1966.90002
498997.52837 2745485.80766 1966.85272
498995.20631 2745491.30661 1966.76036
498992.87659 2745496.80132 1966.67101
498987.40954 2745509.60516 1966.47419
498983.47663 2745518.73545 1966.34361
498979.51930 2745527.85237 1966.22137
498975.53650 2745536.95538 1966.10746
498971.52719 2745546.04393 1966.00188
498967.49033 2745555.11746 1965.90464
498963.42490 2745564.17540 1965.81573
498959.32986 2745573.21717 1965.73516
498955.20421 2745582.24218 1965.66292
498951.04669 2745591.25059 1965.59902
498946.85631 2745600.24369 1965.54344
498942.63310 2745609.22142 1965.49621
498938.37712 2745618.18367 1965.45730
498934.08844 2745627.13031 1965.42673
498929.76709 2745636.06122 1965.40450
498925.41315 2745644.97628 1965.39059
498921.02667 2745653.87538 1965.38502
498916.60771 2745662.75840 1965.38779
498912.15633 2745671.62521 1965.39888
498907.67258 2745680.47570 1965.41831
498902.24945 2745691.07458 1965.45263
498896.77991 2745701.64959 1965.49895
498891.26406 2745712.20051 1965.55726
498888.48881 2745717.46688 1965.59092
498882.90370 2745727.98131 1965.66724
498875.85758 2745741.08974 1965.77951
498873.01904 2745746.32227 1965.82967
498868.73974 2745754.15937 1965.91054
498865.39360 2745760.24514 1965.97810
498860.58642 2745768.92421 1966.08170
498855.74756 2745777.58566 1966.19364