499244.77465 2744861.28951 1982.85360
499245.80202 2744858.45132 1982.21344
499249.51820 2744849.10783 1982.06503
499254.75777 2744836.04141 1981.83827
499258.55086 2744826.72864 1981.83724
499262.39009 2744817.43479 1982.00000
499266.23018 2744808.14118 1982.00000
499270.09367 2744798.85718 1982.00000
499273.98054 2744789.58286 1982.00000
499277.89087 2744780.31830 1982.00074
499282.67749 2744769.24112 1982.46225
499288.71042 2744755.41633 1983.05875
499292.38276 2744747.14456 1983.61743
499296.45234 2744737.94920 1984.00000
499299.71703 2744730.59697 1984.25055
499303.45351 2744722.35415 1984.86846
499307.21249 2744714.12169 1985.51496
499309.74113 2744708.64375 1986.03618
499311.05094 2744705.92539 1986.60692
499312.36480 2744703.20898 1987.19245
499311.71749 2744706.22626 1987.48232
499310.47772 2744708.97558 1987.42206
499308.00429 2744714.47698 1987.30070
499304.30943 2744722.73593 1987.11654
499300.63293 2744731.00307 1986.92985
499297.38037 2744738.35848 1986.76177
499293.33510 2744747.56176 1986.54886
499289.71380 2744755.85323 1986.35457
499283.71927 2744769.69016 1986.02513
499278.96057 2744780.77562 1985.75651
499275.02010 2744790.02425 1985.52921
499271.10247 2744799.28258 1985.29879
499267.20771 2744808.55056 1985.06525
499263.33585 2744817.82812 1984.82857
499259.48691 2744827.11522 1984.58877
499255.66091 2744836.41179 1984.34584
499250.34310 2744849.44280 1984.00048
499246.57225 2744858.76188 1983.75004
499245.44549 2744861.55941 1983.67430
499244.32080 2744864.35778 1983.59828