500215.41630 2743420.66974 2001.18275
500219.42241 2743416.20151 2000.44213
500223.42573 2743411.73067 1999.67607
500227.41959 2743407.25102 1998.82379
500231.41081 2743402.76890 1997.94739
500233.38786 2743400.51053 1997.34000
500235.36485 2743398.25209 1996.73202
500237.34440 2743395.99606 1996.14746
500239.32734 2743393.74318 1995.59374
500241.30942 2743391.48950 1995.03227
500243.29141 2743389.23573 1994.46986
500245.26989 2743386.97870 1993.87551
500247.23797 2743384.71196 1993.18639
500249.20825 2743382.44728 1992.51727
500251.19623 2743380.19910 1992.00954
500258.00743 2743372.87737 1992.00000
500264.81968 2743365.55661 1992.00000
500271.63193 2743358.23586 1992.00000
500278.48060 2743350.94908 1992.33208
500283.50250 2743345.44159 1992.60829
500291.52692 2743336.53183 1993.16293
500299.53987 2743327.62529 1993.71910
500309.60242 2743316.55180 1995.01855
500311.71500 2743314.42804 1996.19968
500313.81309 2743312.29210 1997.26248
500315.91843 2743310.16320 1998.40101
500318.03691 2743308.04650 1999.66798
500320.13099 2743305.90885 2000.72999
500322.20062 2743303.75026 2001.58740
500324.26422 2743301.58697 2002.40449
500322.87659 2743304.34535 2003.59134
500320.90135 2743306.58779 2003.57564
500318.92455 2743308.82961 2003.55937
500316.94624 2743311.07087 2003.54255
500314.96648 2743313.31162 2003.52516
500312.98534 2743315.55192 2003.50721
500311.00286 2743317.79180 2003.48869
500301.07267 2743328.98699 2003.38769
500293.11071 2743337.94119 2003.29675
500285.13710 2743346.89736 2003.20077
500280.10450 2743352.46383 2003.13677
500273.28348 2743359.77640 2003.05677
500266.46246 2743367.08897 2002.97677
500259.64144 2743374.40154 2002.89677
500252.82042 2743381.71411 2002.81677
500250.77411 2743383.90788 2002.79276
500248.72780 2743386.10165 2002.76876
500246.68150 2743388.29542 2002.74476
500244.63519 2743390.48919 2002.72076
500242.58889 2743392.68296 2002.69676
500240.54258 2743394.87673 2002.67276
500238.49627 2743397.07050 2002.64876
500236.44997 2743399.26427 2002.62476
500234.40366 2743401.45804 2002.60076
500232.35735 2743403.65181 2002.57676
500228.26474 2743408.03936 2002.52876
500224.17213 2743412.42690 2002.48076
500220.07952 2743416.81444 2002.43276
500215.98690 2743421.20198 2002.38476
500211.89429 2743425.58952 2002.33676