0
497542.78098 2747049.45173 1968.56428
497539.31123 2747051.45018 1968.74182
497530.51328 2747056.25261 1969.34521
497521.71309 2747061.05153 1969.96048
497513.38477 2747066.59003 1970.00000
497505.02552 2747072.08005 1970.08697
497496.47276 2747077.26679 1970.42287
497487.91944 2747082.45263 1970.76859
497479.31772 2747087.56262 1971.18339
497470.68414 2747092.62268 1971.64679
497461.97093 2747097.55792 1972.21801
497452.75970 2747101.71261 1973.41560
497444.05054 2747106.65421 1974.00000
497435.33499 2747111.58578 1974.60144
497426.72913 2747116.68929 1975.07603
497418.11352 2747121.77751 1975.57182
497409.27324 2747126.51358 1976.35520
497400.02410 2747130.60886 1977.65443
497399.68360 2747130.07517 1978.07647
497408.11388 2747124.69647 1977.79217
497416.54415 2747119.31777 1977.51698
497424.97443 2747113.93907 1977.25091
497433.40471 2747108.56037 1976.99394
497441.83499 2747103.18167 1976.74609
497450.26527 2747097.80297 1976.50734
497458.69554 2747092.42427 1976.27770
497467.12582 2747087.04557 1976.05718
497475.55610 2747081.66687 1975.84576
497483.98638 2747076.28817 1975.64344
497492.41665 2747070.90947 1975.45024
497500.84693 2747065.53077 1975.26614
497509.27721 2747060.15207 1975.09115
497517.70749 2747054.77336 1974.92526
497526.13777 2747049.39466 1974.76848
497534.56804 2747044.01596 1974.62080
497537.94015 2747041.86448 1974.56428
497542.99832 2747038.63726 1974.48223
497548.05649 2747035.41004 1974.40345
497551.42860 2747033.25856 1974.35276
497556.48677 2747030.03134 1974.27944
497559.85888 2747027.87986 1974.23239
497564.91704 2747024.65264 1974.16454
497568.28915 2747022.50116 1974.12113
497575.87640 2747017.66033 1974.02878
497576.71943 2747017.12246 1974.01897
497584.30668 2747012.28163 1973.93481
497585.14971 2747011.74376 1973.92591
497593.57999 2747006.36506 1973.84196
497596.10907 2747004.75145 1973.81855
497602.01027 2747000.98636 1973.76711
497604.53935 2746999.37275 1973.74643
497610.44054 2746995.60766 1973.70136
497612.96963 2746993.99405 1973.68341
497618.87082 2746990.22896 1973.64471
497621.39990 2746988.61535 1973.62949
497626.45807 2746985.38813 1973.60151
497627.30110 2746984.85026 1973.59717
497634.88835 2746980.00943 1973.56216
497635.73138 2746979.47156 1973.55872
497636.35758 2746979.07203 1973.55623
497638.88666 2746977.45842 1973.54668
497641.41574 2746975.84481 1973.53794
497643.31863 2746974.63073 1973.53191
497644.16165 2746974.09286 1973.52938
497649.84602 2746970.46611 1973.51473
497651.74890 2746969.25203 1973.51076
497652.59193 2746968.71416 1973.50914
497658.27630 2746965.08741 1973.50063
497660.17918 2746963.87333 1973.49871
497661.02221 2746963.33546 1973.49800
497666.70658 2746959.70871 1973.49563
497668.60946 2746958.49463 1973.49576
497669.45249 2746957.95676 1973.49597
497675.13686 2746954.33001 1973.49973
497677.03974 2746953.11593 1973.50192
497677.88277 2746952.57806 1973.50303
497682.09790 2746949.88871 1973.50998
497683.56713 2746948.95131 1973.51293
497686.31304 2746947.19936 1973.51920
497691.99741 2746943.57261 1973.53524
497692.21424 2746943.43427 1973.53593
497694.74332 2746941.82066 1973.54447
497697.05558 2746940.34539 1973.55299
497703.17360 2746936.44196 1973.57884
497707.17191 2746933.89095 1973.59832
497711.60388 2746931.06326 1973.62231
497720.03415 2746925.68456 1973.67488
497728.46443 2746920.30586 1973.73656
497736.89471 2746914.92716 1973.80733
497745.32499 2746909.54846 1973.88721
497753.75526 2746904.16976 1973.97619
497762.18554 2746898.79106 1974.07428
497770.61582 2746893.41236 1974.18147
497779.04610 2746888.03366 1974.29776
497787.47638 2746882.65496 1974.42315
497795.90665 2746877.27625 1974.55765
497804.33693 2746871.89755 1974.70126
497812.76721 2746866.51885 1974.85396
497821.19749 2746861.14015 1975.01578
497829.62776 2746855.76145 1975.18669
497838.05804 2746850.38275 1975.36672
497846.48879 2746845.00355 1975.55171
497854.92020 2746839.62259 1975.73671
497863.35161 2746834.23885 1975.92171
497871.78238 2746828.85134 1976.10671
497880.21186 2746823.45903 1976.29171
497888.63941 2746818.06093 1976.47671
497897.06437 2746812.65601 1976.66171
497897.14848 2746812.78700 1976.55793
497889.02482 2746818.66218 1976.00059
497880.51419 2746823.93135 1975.91785
497872.32261 2746829.69633 1975.43809
497864.16235 2746835.50811 1974.91764
497856.00094 2746841.31563 1974.39765
497847.74082 2746846.96568 1974.00000
497839.16072 2746852.11102 1974.00000
497830.58520 2746857.26208 1974.00000
497822.01702 2746862.42464 1974.00000
497813.45619 2746867.59873 1974.00000
497804.90271 2746872.78432 1974.00000
497796.35657 2746877.98143 1974.00000
497787.81778 2746883.19005 1974.00000
497779.30519 2746888.43974 1973.97663
497771.31148 2746894.50270 1973.31922
497763.35080 2746900.61742 1972.62999
497755.45241 2746906.82976 1971.87266
497747.45773 2746912.89120 1971.24377
497739.48792 2746918.99162 1970.59315
497731.57736 2746925.18488 1969.87822
497723.76709 2746931.53536 1969.04806
497716.00718 2746937.96476 1968.16460
497711.68866 2746940.97025 1968.00000
497707.68593 2746943.51433 1967.98600
497701.78719 2746947.76146 1967.68835
497699.56099 2746949.37160 1967.57318
497697.05507 2746951.02152 1967.53593
497696.83824 2746951.15986 1967.53524
497691.15387 2746954.78661 1967.51920
497688.40796 2746956.53856 1967.51293
497686.93873 2746957.47596 1967.50998
497697.38468 2746951.53813 1967.45058
497687.30726 2746958.05357 1966.94222
497682.26855 2746961.31128 1966.69304
497673.86102 2746966.72563 1966.40498
497665.45195 2746972.13758 1966.14501
497657.03434 2746977.53614 1966.00000
497648.60577 2746982.91751 1966.00000
497640.17794 2746988.30004 1966.00000
497631.72055 2746993.63625 1966.37536
497626.65098 2746996.84560 1966.54464
497618.22336 2747002.22846 1966.56570
497609.78603 2747007.59611 1966.71609
497601.34613 2747012.95973 1966.90747
497589.52825 2747020.46562 1967.21578
497581.08717 2747025.82741 1967.44353
497570.11477 2747032.79928 1967.74093
497561.67503 2747038.16315 1967.97309
497553.25209 2747043.55335 1968.00618
497542.78098 2747049.45173 1968.56428
hole 0
497542.78098 2747049.45173 1968.56428
497552.89732 2747042.99729 1968.40345
497547.83915 2747046.22451 1968.48223
497542.78098 2747049.45173 1968.56428
hole 1
497609.38018 2747006.96000 1967.74643
497606.85110 2747008.57361 1967.76711
497600.94990 2747012.33870 1967.81855
497609.38018 2747006.96000 1967.74643
hole 2
497600.94990 2747012.33870 1967.81855
497598.42082 2747013.95231 1967.84196
497593.36844 2747017.17584 1967.89227
497600.94990 2747012.33870 1967.81855
hole 3
497677.42144 2746963.54820 1967.49804
497674.29332 2746965.54401 1967.49597
497673.45029 2746966.08188 1967.49576
497677.42144 2746963.54820 1967.49804
hole 4
497660.50450 2746974.34158 1967.50454
497657.43276 2746976.30141 1967.50914
497656.58973 2746976.83928 1967.51076
497660.50450 2746974.34158 1967.50454
hole 5
497639.72918 2746987.59668 1967.56216
497632.14193 2746992.43751 1967.59717
497631.29890 2746992.97538 1967.60151
497639.72918 2746987.59668 1967.56216
hole 6
497589.14751 2747019.86888 1967.93481
497581.56026 2747024.70971 1968.01897
497580.71723 2747025.24758 1968.02878
497589.14751 2747019.86888 1967.93481
1
498918.24005 2745753.08294 1965.70589
498922.51555 2745745.08310 1965.64344
498926.76471 2745737.06924 1965.58774
498930.98751 2745729.04146 1965.53878
498933.78803 2745723.68191 1965.50990
498935.18389 2745720.99983 1965.49658
498936.57680 2745718.31623 1965.48401
498940.73789 2745710.25629 1965.45081
498944.87245 2745702.18271 1965.42436
498948.98045 2745694.09557 1965.40465
498953.51367 2745685.09408 1965.39068
498958.01398 2745676.07610 1965.38504
498962.48132 2745667.04173 1965.38773
498966.91562 2745657.99110 1965.39875
498971.31683 2745648.92433 1965.41811
498975.68489 2745639.84154 1965.44580
498980.01974 2745630.74286 1965.48183
498984.32132 2745621.62840 1965.52618
498988.58957 2745612.49829 1965.57888
498992.82444 2745603.35264 1965.63990
498997.02559 2745594.19253 1965.70926
499001.19314 2745585.01990 1965.78696
499005.32816 2745575.83537 1965.87298
499009.43172 2745566.63956 1965.96735
499013.50488 2745557.43306 1966.07004
499017.54872 2745548.21646 1966.18107
499021.56433 2745538.99034 1966.30044
499025.55279 2745529.75525 1966.42814
499027.93329 2745524.21012 1966.50876
499031.48696 2745515.88701 1966.63532
499035.41232 2745506.63191 1966.78386
499039.70331 2745496.44317 1966.95689
499042.03248 2745490.88232 1967.05552
499044.35393 2745485.31924 1967.15715
499047.82214 2745476.97070 1967.31522
499049.63653 2745474.46065 1966.59399
499048.63778 2745477.30865 1965.42932
499045.34830 2745485.73343 1963.97590
499043.13449 2745491.34303 1963.09260
499040.91130 2745496.95009 1962.22328
499036.62594 2745507.14489 1962.00000
499032.73377 2745516.41765 1961.60175
499029.24369 2745524.77143 1961.00501
499026.91215 2745530.34011 1960.56255
499022.98107 2745539.60455 1960.00612
499018.94811 2745548.82796 1960.00000
499014.88718 2745558.04206 1960.00000
499010.79803 2745567.24662 1960.00000
499006.67958 2745576.44108 1960.00000
499002.53075 2745585.62484 1960.00000
498998.35048 2745594.79730 1960.00000
498994.13769 2745603.95783 1960.00000
498989.89230 2745613.10441 1960.00000
498985.61467 2745622.23591 1960.00000
498981.30485 2745631.35224 1960.00000
498976.96290 2745640.45328 1960.00000
498972.58885 2745649.53893 1960.00000
498968.18278 2745658.60907 1960.00000
498963.74473 2745667.66359 1960.00000
498959.27475 2745676.70239 1960.00000
498954.77290 2745685.72536 1960.00000
498950.19040 2745694.70769 1960.36478
498945.99967 2745702.75763 1960.98856
498941.78754 2745710.79600 1961.58227
498937.54842 2745718.81987 1962.18804
498936.08557 2745721.46848 1962.72192
498934.61917 2745724.11504 1963.26171
498931.74547 2745729.43857 1963.83418
498927.45042 2745737.43138 1964.41803
498923.10707 2745745.39799 1965.17599
2
499260.25126 2744940.96162 1981.90683
499261.35186 2744938.17081 1981.98483
499262.45247 2744935.37999 1982.06283
499265.52713 2744930.14281 1979.95939
499263.53297 2744935.80610 1978.31958
499262.17262 2744938.49449 1980.10300
3
499269.78986 2744916.77454 1982.58283
499271.99107 2744911.19290 1982.73883
499273.09168 2744908.40209 1982.81683
499274.19229 2744905.61127 1982.89483
499275.29180 2744902.82333 1982.97283
499278.95376 2744893.57503 1983.23239
499283.00828 2744883.41237 1983.51468
499285.23147 2744877.87376 1983.66706
499286.34614 2744875.10569 1983.74283
499287.46285 2744872.33845 1983.81832
499288.58162 2744869.57203 1983.89352
499294.20619 2744855.75243 1984.26532
499297.98431 2744846.55097 1984.50928
499301.78515 2744837.35887 1984.75011
499305.60867 2744828.17618 1984.98781
499307.91366 2744822.67111 1985.12894
499313.71180 2744808.92343 1985.47681
499314.87753 2744806.17647 1985.54554
499316.04530 2744803.43038 1985.61399
499318.38694 2744797.94080 1985.75004
499322.30774 2744788.79923 1985.97430
499326.64667 2744778.75471 1986.21737
499330.61482 2744769.63359 1986.43505
499334.60547 2744760.52230 1986.64961
499338.61861 2744751.42088 1986.86105
499342.24964 2744743.23810 1987.04866
499348.34174 2744729.61813 1987.35573
499353.25171 2744718.73846 1987.59631
499358.19390 2744707.87339 1987.83240
499363.16826 2744697.02300 1988.06398
499367.33810 2744687.99231 1988.25352
499372.91723 2744677.42396 1988.46037
499367.91703 2744688.26049 1988.00000
499363.72971 2744697.28141 1987.94352
499358.81629 2744708.15761 1987.27097
499353.91396 2744719.03851 1986.74933
499349.04690 2744729.93511 1986.20153
499342.98389 2744743.56489 1985.69077
499339.35275 2744751.74567 1985.50922
499335.32811 2744760.83987 1985.38737
499331.32298 2744769.94272 1985.28381
499327.34509 2744779.05753 1985.14242
499322.98970 2744789.09272 1985.02478
499319.10179 2744798.24635 1984.56731
499316.82018 2744803.76024 1983.99953
499315.72575 2744806.53681 1983.40167
499314.65409 2744809.32290 1982.65364
499308.88651 2744823.07930 1982.09551
499306.57721 2744828.58087 1981.98988
499302.77005 2744837.76754 1981.64133
499298.96990 2744846.95707 1981.40280
499295.13659 2744856.13311 1981.56354
499289.37627 2744869.89374 1982.17822
499288.35013 2744872.69689 1981.43869
499287.39262 2744875.52755 1980.22071
499286.35369 2744878.32518 1979.60293
499284.22192 2744883.89848 1978.79891
499280.24236 2744894.08710 1977.98831
499276.50843 2744903.30333 1978.25355
499275.27009 2744906.03632 1979.17093
499274.01570 2744908.76649 1980.19493
499272.77188 2744911.50083 1981.14329
4
500241.72028 2743456.65457 2002.31778
500245.81289 2743452.26703 2002.36578
500249.90551 2743447.87949 2002.41378
500253.99812 2743443.49195 2002.46178
500256.04442 2743441.29818 2002.48578
500260.13704 2743436.91064 2002.53378
500264.22965 2743432.52310 2002.58178
500268.32226 2743428.13555 2002.62979
500270.36857 2743425.94178 2002.65379
500272.41488 2743423.74801 2002.67779
500274.46118 2743421.55424 2002.70179
500276.50749 2743419.36047 2002.72579
500283.32851 2743412.04790 2002.80579
500290.14953 2743404.73533 2002.88579
500296.97055 2743397.42276 2002.96579
500303.79157 2743390.11019 2003.04579
500310.61259 2743382.79762 2003.12579
500317.66623 2743375.02652 2003.20579
500321.65859 2743370.54296 2003.25379
500325.65153 2743366.05683 2003.30173
500329.64457 2743361.56770 2003.34809
500331.64097 2743359.32188 2003.37042
500333.63721 2743357.07515 2003.39220
500335.63323 2743354.82745 2003.41340
500337.62898 2743352.57873 2003.43405
500340.26174 2743350.89404 2001.77546
500338.47431 2743353.32873 1999.90017
500336.65782 2743355.73705 1998.27940
500334.89405 2743358.19157 1996.18492
500332.99950 2743360.52925 1995.25364
500331.07573 2743362.84021 1994.58091
500327.17169 2743367.40948 1993.73618
500323.24792 2743371.95792 1993.06762
500319.33118 2743376.50928 1992.34253
500312.27172 2743384.34522 1992.00000
500305.44192 2743391.64961 1992.00000
500298.61213 2743398.95399 1992.00000
500291.78233 2743406.25838 1992.00000
500284.95253 2743413.56276 1992.00000
500278.07545 2743420.82304 1992.43107
500275.94606 2743422.93931 1993.16456
500273.82215 2743425.06069 1993.84804
500271.68910 2743427.17355 1994.61486
500269.55105 2743429.28175 1995.42724
500265.34391 2743433.56246 1996.42334
500261.17352 2743437.87745 1997.08447
500257.00347 2743442.19276 1997.74240
500254.87659 2743444.31137 1998.45304
500250.55648 2743448.48671 2000.47905
500246.37285 2743452.78935 2001.26083
5
497620.22541 2746948.20980 1966.91518
497622.70607 2746946.52030 1966.30628
497631.11351 2746941.10580 1966.00000
497639.54493 2746935.72889 1966.00000
497647.97561 2746930.35082 1966.00000
497656.40555 2746924.97160 1966.00000
497664.84801 2746919.61199 1966.16417
497673.31677 2746914.29360 1966.66343
497678.39624 2746911.09978 1966.94527
497688.55501 2746904.71185 1967.51660
497678.76800 2746911.68244 1967.55299
497673.70983 2746914.90966 1967.53524
497665.27955 2746920.28836 1967.51293
497656.84927 2746925.66706 1967.49973
497648.41900 2746931.04576 1967.49563
497639.98872 2746936.42447 1967.50063
497631.55844 2746941.80317 1967.51473
497623.12816 2746947.18187 1967.53794
497620.59908 2746948.79548 1967.54668
497618.07000 2746950.40909 1967.55623
6
498860.05015 2745768.62590 1965.99065
498864.84588 2745759.94308 1965.80817
498868.16481 2745753.84422 1965.53959
498872.35820 2745745.96284 1964.81455
498875.11982 2745740.69057 1964.18734
498882.09110 2745727.54738 1963.52588
498887.58812 2745716.99098 1962.79969
498890.28126 2745711.68398 1962.15544
498895.72202 2745701.09949 1961.54985
498901.12099 2745690.49406 1960.99245
498906.46709 2745679.86222 1960.40089
498910.89751 2745670.99037 1960.00000
498915.34808 2745662.12891 1960.00000
498919.76512 2745653.25068 1960.00000
498924.14857 2745644.35583 1960.00000
498928.49838 2745635.44447 1960.00000
498932.81447 2745626.51675 1960.00000
498937.09679 2745617.57280 1960.00000
498941.34527 2745608.61274 1960.00000
498945.55984 2745599.63671 1960.00000
498949.74045 2745590.64484 1960.00000
498953.88707 2745581.63721 1960.00000
498958.00070 2745572.61242 1960.00000
498962.08264 2745563.57026 1960.00000
498966.13389 2745554.51135 1960.00000
498970.15548 2745545.43627 1960.00000
498974.14842 2745536.34558 1960.00000
498978.11375 2745527.23987 1960.00000
498982.05251 2745518.11968 1960.00000
498985.96575 2745508.98556 1960.00000
498991.55595 2745496.24022 1961.10507
498993.96204 2745490.78013 1961.75324
498996.39393 2745485.32957 1962.64559
498997.61716 2745482.60682 1963.16539
498998.83853 2745479.88290 1963.68537
499000.06600 2745477.16118 1964.26288
499001.30357 2745474.44330 1964.92660
499002.53450 2745471.72225 1965.55530
499003.75634 2745468.99702 1966.13109
499004.97440 2745466.26986 1966.69220
499004.45096 2745469.28645 1967.14778
499003.30157 2745472.04245 1967.09673
499002.15047 2745474.79747 1967.04643
499000.99762 2745477.55152 1966.99687
498999.84301 2745480.30458 1966.94807
498998.68661 2745483.05663 1966.90002
498997.52837 2745485.80766 1966.85272
498995.20631 2745491.30661 1966.76036
498992.87659 2745496.80132 1966.67101
498987.40954 2745509.60516 1966.47419
498983.47663 2745518.73545 1966.34361
498979.51930 2745527.85237 1966.22137
498975.53650 2745536.95538 1966.10746
498971.52719 2745546.04393 1966.00188
498967.49033 2745555.11746 1965.90464
498963.42490 2745564.17540 1965.81573
498959.32986 2745573.21717 1965.73516
498955.20421 2745582.24218 1965.66292
498951.04669 2745591.25059 1965.59902
498946.85631 2745600.24369 1965.54344
498942.63310 2745609.22142 1965.49621
498938.37712 2745618.18367 1965.45730
498934.08844 2745627.13031 1965.42673
498929.76709 2745636.06122 1965.40450
498925.41315 2745644.97628 1965.39059
498921.02667 2745653.87538 1965.38502
498916.60771 2745662.75840 1965.38779
498912.15633 2745671.62521 1965.39888
498907.67258 2745680.47570 1965.41831
498902.24945 2745691.07458 1965.45263
498896.77991 2745701.64959 1965.49895
498891.26406 2745712.20051 1965.55726
498888.48881 2745717.46688 1965.59092
498882.90370 2745727.98131 1965.66724
498875.85758 2745741.08974 1965.77951
498873.01904 2745746.32227 1965.82967
498868.73974 2745754.15937 1965.91054
498865.39360 2745760.24514 1965.97810
498860.58642 2745768.92421 1966.08170
498855.74756 2745777.58566 1966.19364
7
499244.77465 2744861.28951 1982.85360
499245.80202 2744858.45132 1982.21344
499249.51820 2744849.10783 1982.06503
499254.75777 2744836.04141 1981.83827
499258.55086 2744826.72864 1981.83724
499262.39009 2744817.43479 1982.00000
499266.23018 2744808.14118 1982.00000
499270.09367 2744798.85718 1982.00000
499273.98054 2744789.58286 1982.00000
499277.89087 2744780.31830 1982.00074
499282.67749 2744769.24112 1982.46225
499288.71042 2744755.41633 1983.05875
499292.38276 2744747.14456 1983.61743
499296.45234 2744737.94920 1984.00000
499299.71703 2744730.59697 1984.25055
499303.45351 2744722.35415 1984.86846
499307.21249 2744714.12169 1985.51496
499309.74113 2744708.64375 1986.03618
499311.05094 2744705.92539 1986.60692
499312.36480 2744703.20898 1987.19245
499311.71749 2744706.22626 1987.48232
499310.47772 2744708.97558 1987.42206
499308.00429 2744714.47698 1987.30070
499304.30943 2744722.73593 1987.11654
499300.63293 2744731.00307 1986.92985
499297.38037 2744738.35848 1986.76177
499293.33510 2744747.56176 1986.54886
499289.71380 2744755.85323 1986.35457
499283.71927 2744769.69016 1986.02513
499278.96057 2744780.77562 1985.75651
499275.02010 2744790.02425 1985.52921
499271.10247 2744799.28258 1985.29879
499267.20771 2744808.55056 1985.06525
499263.33585 2744817.82812 1984.82857
499259.48691 2744827.11522 1984.58877
499255.66091 2744836.41179 1984.34584
499250.34310 2744849.44280 1984.00048
499246.57225 2744858.76188 1983.75004
499245.44549 2744861.55941 1983.67430
499244.32080 2744864.35778 1983.59828
8
500215.41630 2743420.66974 2001.18275
500219.42241 2743416.20151 2000.44213
500223.42573 2743411.73067 1999.67607
500227.41959 2743407.25102 1998.82379
500231.41081 2743402.76890 1997.94739
500233.38786 2743400.51053 1997.34000
500235.36485 2743398.25209 1996.73202
500237.34440 2743395.99606 1996.14746
500239.32734 2743393.74318 1995.59374
500241.30942 2743391.48950 1995.03227
500243.29141 2743389.23573 1994.46986
500245.26989 2743386.97870 1993.87551
500247.23797 2743384.71196 1993.18639
500249.20825 2743382.44728 1992.51727
500251.19623 2743380.19910 1992.00954
500258.00743 2743372.87737 1992.00000
500264.81968 2743365.55661 1992.00000
500271.63193 2743358.23586 1992.00000
500278.48060 2743350.94908 1992.33208
500283.50250 2743345.44159 1992.60829
500291.52692 2743336.53183 1993.16293
500299.53987 2743327.62529 1993.71910
500309.60242 2743316.55180 1995.01855
500311.71500 2743314.42804 1996.19968
500313.81309 2743312.29210 1997.26248
500315.91843 2743310.16320 1998.40101
500318.03691 2743308.04650 1999.66798
500320.13099 2743305.90885 2000.72999
500322.20062 2743303.75026 2001.58740
500324.26422 2743301.58697 2002.40449
500322.87659 2743304.34535 2003.59134
500320.90135 2743306.58779 2003.57564
500318.92455 2743308.82961 2003.55937
500316.94624 2743311.07087 2003.54255
500314.96648 2743313.31162 2003.52516
500312.98534 2743315.55192 2003.50721
500311.00286 2743317.79180 2003.48869
500301.07267 2743328.98699 2003.38769
500293.11071 2743337.94119 2003.29675
500285.13710 2743346.89736 2003.20077
500280.10450 2743352.46383 2003.13677
500273.28348 2743359.77640 2003.05677
500266.46246 2743367.08897 2002.97677
500259.64144 2743374.40154 2002.89677
500252.82042 2743381.71411 2002.81677
500250.77411 2743383.90788 2002.79276
500248.72780 2743386.10165 2002.76876
500246.68150 2743388.29542 2002.74476
500244.63519 2743390.48919 2002.72076
500242.58889 2743392.68296 2002.69676
500240.54258 2743394.87673 2002.67276
500238.49627 2743397.07050 2002.64876
500236.44997 2743399.26427 2002.62476
500234.40366 2743401.45804 2002.60076
500232.35735 2743403.65181 2002.57676
500228.26474 2743408.03936 2002.52876
500224.17213 2743412.42690 2002.48076
500220.07952 2743416.81444 2002.43276
500215.98690 2743421.20198 2002.38476
500211.89429 2743425.58952 2002.33676
