497542.7809847 2747049.4517341 1968.5642770
497552.8973180 2747042.9972937 1968.4034513
497561.3275957 2747037.6185934 1968.2794442
497569.7578735 2747032.2398931 1968.1645405
497580.7172346 2747025.2475827 1968.0287750
497589.1475123 2747019.8688824 1967.9348084
497600.9499012 2747012.3387020 1967.8185475
497609.3801789 2747006.9600017 1967.7464268
497617.8104567 2747001.5813013 1967.6834084
497626.2407344 2746996.2026010 1967.6294919
497631.2989011 2746992.9753809 1967.6015110
497639.7291788 2746987.5966805 1967.5621575
497648.1594566 2746982.2179802 1967.5319058
497656.5897344 2746976.8392799 1967.5107557
497665.0200121 2746971.4605796 1967.4987072
497673.4502899 2746966.0818793 1967.4957603
497681.8805676 2746960.7031790 1967.5019150
497686.9387343 2746957.4759588 1967.5099765
497697.3846753 2746951.5381275 1967.4505836
497687.3072632 2746958.0535708 1966.9422193
497682.2685501 2746961.3112814 1966.6930394
497673.8610166 2746966.7256297 1966.4049799
497665.4519512 2746972.1375770 1966.1450093
497657.0343449 2746977.5361380 1966.0000000
497648.6057736 2746982.9175128 1966.0000000
497640.1779365 2746988.3000385 1966.0000000
497631.7205499 2746993.6362499 1966.3753562
497626.6509832 2746996.8456022 1966.5446364
497618.2233564 2747002.2284575 1966.5656954
497609.7860293 2747007.5961091 1966.7160865
497601.3461296 2747012.9597286 1966.9074668
497589.5282460 2747020.4656233 1967.2157788
497581.0871743 2747025.8274057 1967.4435323
497570.1147725 2747032.7992769 1967.7409315
497561.6750348 2747038.1631502 1967.9730868
497553.2520923 2747043.5533474 1968.0061768
497542.7809847 2747049.4517341 1968.5642770
498918.2400518 2745753.0829444 1965.7058947
498922.5155451 2745745.0831012 1965.6434403
498926.7647128 2745737.0692439 1965.5877364
498930.9875089 2745729.0414592 1965.5387829
498933.7880329 2745723.6819081 1965.5098973
498935.1838878 2745720.9998338 1965.4965796
498936.5768024 2745718.3162313 1965.4840119
498940.7378878 2745710.2562870 1965.4508088
498944.8724506 2745702.1827051 1965.4243559
498948.9804461 2745694.0955729 1965.4046530
498953.5136724 2745685.0940844 1965.3906777
498958.0139842 2745676.0760953 1965.3850356
498962.4813214 2745667.0417257 1965.3877270
498966.9156245 2745657.9910964 1965.3987516
498971.3168343 2745648.9243282 1965.4181096
498975.6848920 2745639.8415419 1965.4458010
498980.0197393 2745630.7428588 1965.4818259
498984.3213185 2745621.6284004 1965.5261843
498988.5895720 2745612.4982884 1965.5788764
498992.8244429 2745603.3526444 1965.6399022
498997.0255898 2745594.1925340 1965.7092618
499001.1931447 2745585.0198960 1965.7869555
499005.3281644 2745575.8353690 1965.8729833
499009.4317182 2745566.6395599 1965.9673455
499013.5048785 2745557.4330635 1966.0700422
499017.5487227 2745548.2164646 1966.1810737
499021.5643326 2745538.9903374 1966.3004402
499025.5527932 2745529.7552458 1966.4281420
499027.9332908 2745524.2101189 1966.5087640
499031.4869620 2745515.8870104 1966.6353237
499035.4123196 2745506.6319129 1966.7838648
499039.7033143 2745496.4431666 1966.9568883
499042.0324841 2745490.8823152 1967.0555164
499044.3539298 2745485.3192394 1967.1571458
499047.8221366 2745476.9706962 1967.3152173
499049.6365252 2745474.4606479 1966.5939852
499048.6377794 2745477.3086481 1965.4293220
499045.3483027 2745485.7334304 1963.9758998
499043.1344940 2745491.3430266 1963.0926002
499040.9113005 2745496.9500941 1962.2232846
499036.6259384 2745507.1448902 1962.0000000
499032.7337739 2745516.4176528 1961.6017536
499029.2436949 2745524.7714302 1961.0050120
499026.9121518 2745530.3401101 1960.5625516
499022.9810684 2745539.6045452 1960.0061236
499018.9481121 2745548.8279628 1960.0000000
499014.8871800 2745558.0420563 1960.0000000
499010.7980294 2745567.2466210 1960.0000000
499006.6795794 2745576.4410776 1960.0000000
499002.5307536 2745585.6248370 1960.0000000
498998.3504781 2745594.7972989 1960.0000000
498994.1376919 2745603.9578309 1960.0000000
498989.8923018 2745613.1044069 1960.0000000
498985.6146714 2745622.2359137 1960.0000000
498981.3048522 2745631.3522421 1960.0000000
498976.9628960 2745640.4532827 1960.0000000
498972.5888549 2745649.5389266 1960.0000000
498968.1827815 2745658.6090650 1960.0000000
498963.7447287 2745667.6635890 1960.0000000
498959.2747497 2745676.7023903 1960.0000000
498954.7728980 2745685.7253604 1960.0000000
498950.1904026 2745694.7076905 1960.3647842
498945.9996697 2745702.7576283 1960.9885605
498941.7875391 2745710.7960039 1961.5822721
498937.5484236 2745718.8198723 1962.1880409
498936.0855711 2745721.4684768 1962.7219241
498934.6191709 2745724.1150434 1963.2617095
498931.7454708 2745729.4385748 1963.8341760
498927.4504158 2745737.4313796 1964.4180349
498923.1070704 2745745.3979911 1965.1759891
498918.2400518 2745753.0829444 1965.7058947
499260.2512551 2744940.9616242 1981.9068323
499261.3518629 2744938.1708066 1981.9848320
499262.4524706 2744935.3799891 1982.0628318
499265.5271339 2744930.1428134 1979.9593913
499263.5329710 2744935.8061033 1978.3195780
499262.1726192 2744938.4944862 1980.1029977
499260.2512551 2744940.9616242 1981.9068323
499269.7898557 2744916.7745388 1982.5828303
499271.9910712 2744911.1929037 1982.7388299
499273.0916790 2744908.4020862 1982.8168296
499274.1922867 2744905.6112686 1982.8948294
499275.2918040 2744902.8233286 1982.9728292
499278.9537645 2744893.5750269 1983.2323920
499283.0082821 2744883.4123731 1983.5146811
499285.2314667 2744877.8737599 1983.6670616
499286.3461355 2744875.1056900 1983.7428296
499287.4628543 2744872.3384464 1983.8183161
499288.5816227 2744869.5720309 1983.8935211
499294.2061854 2744855.7524255 1984.2653232
499297.9843126 2744846.5509694 1984.5092815
499301.7851479 2744837.3588701 1984.7501120
499305.6086681 2744828.1761835 1984.9878148
499307.9136593 2744822.6711130 1985.1289353
499313.7117962 2744808.9234293 1985.4768105
499314.8775314 2744806.1764748 1985.5455411
499316.0453011 2744803.4303846 1985.6139902
499318.3869413 2744797.9408029 1985.7500441
499322.3077394 2744788.7992285 1985.9742987
499326.6466729 2744778.7547126 1986.2173667
499330.6148189 2744769.6335911 1986.4350540
499334.6054739 2744760.5222953 1986.6496141
499338.6186139 2744751.4208807 1986.8610470
499342.2496441 2744743.2381019 1987.0486630
499348.3417411 2744729.6181330 1987.3557278
499353.2517125 2744718.7384618 1987.5963140
499358.1938984 2744707.8733864 1987.8323975
499363.1682554 2744697.0230022 1988.0639785
499367.3380964 2744687.9923065 1988.2535233
499372.9172334 2744677.4239593 1988.4603675
499367.9170251 2744688.2604891 1988.0000000
499363.7297123 2744697.2814093 1987.9435245
499358.8162875 2744708.1576055 1987.2709717
499353.9139574 2744719.0385132 1986.7493260
499349.0469022 2744729.9351140 1986.2015319
499342.9838888 2744743.5648929 1985.6907710
499339.3527515 2744751.7456714 1985.5092164
499335.3281095 2744760.8398662 1985.3873650
499331.3229759 2744769.9427153 1985.2838116
499327.3450911 2744779.0575347 1985.1424210
499322.9896961 2744789.0927154 1985.0247778
499319.1017873 2744798.2463542 1984.5673106
499316.8201842 2744803.7602411 1983.9995281
499315.7257484 2744806.5368066 1983.4016696
499314.6540929 2744809.3229035 1982.6536383
499308.8865114 2744823.0792966 1982.0955071
499306.5772120 2744828.5808731 1981.9898759
499302.7700455 2744837.7675393 1981.6413260
499298.9698973 2744846.9570742 1981.4027954
499295.1365858 2744856.1331073 1981.5635375
499289.3762682 2744869.8937366 1982.1782154
499288.3501310 2744872.6968884 1981.4386939
499287.3926234 2744875.5275486 1980.2207092
499286.3536948 2744878.3251848 1979.6029293
499284.2219161 2744883.8984790 1978.7989063
499280.2423582 2744894.0871001 1977.9883124
499276.5084311 2744903.3033280 1978.2535510
499275.2700869 2744906.0363180 1979.1709261
499274.0157049 2744908.7664920 1980.1949283
499272.7718773 2744911.5008283 1981.1432931
499269.7898557 2744916.7745388 1982.5828303
500241.7202802 2743456.6545745 2002.3177812
500245.8128929 2743452.2670329 2002.3657819
500249.9055056 2743447.8794913 2002.4137825
500253.9981183 2743443.4919497 2002.4617832
500256.0444246 2743441.2981789 2002.4857835
500260.1370373 2743436.9106373 2002.5337842
500264.2296500 2743432.5230957 2002.5817848
500268.3222627 2743428.1355540 2002.6297855
500270.3685690 2743425.9417832 2002.6537858
500272.4148754 2743423.7480124 2002.6777861
500274.4611817 2743421.5542416 2002.7017864
500276.5074881 2743419.3604708 2002.7257868
500283.3285092 2743412.0479015 2002.8057879
500290.1495304 2743404.7353321 2002.8857890
500296.9705515 2743397.4227628 2002.9657901
500303.7915727 2743390.1101934 2003.0457911
500310.6125938 2743382.7976241 2003.1257922
500317.6662296 2743375.0265187 2003.2057933
500321.6585942 2743370.5429626 2003.2537940
500325.6515337 2743366.0568341 2003.3017346
500329.6445658 2743361.5677046 2003.3480902
500331.6409657 2743359.3218807 2003.3704243
500333.6372077 2743357.0751459 2003.3921957
500335.6332312 2743354.8274468 2003.4134046
500337.6289756 2743352.5787297 2003.4340510
500340.2617398 2743350.8940418 2001.7754576
500338.4743080 2743353.3287296 1999.9001669
500336.6578244 2743355.7370545 1998.2793964
500334.8940526 2743358.1915721 1996.1849230
500332.9995012 2743360.5292538 1995.2536433
500331.0757345 2743362.8402115 1994.5809143
500327.1716928 2743367.4094843 1993.7361795
500323.2479225 2743371.9579206 1993.0676181
500319.3311772 2743376.5092767 1992.3425323
500312.2717199 2743384.3452243 1992.0000000
500305.4419235 2743391.6496083 1992.0000000
500298.6121272 2743398.9539923 1992.0000000
500291.7823308 2743406.2583764 1992.0000000
500284.9525345 2743413.5627604 1992.0000000
500278.0754546 2743420.8230392 1992.4310709
500275.9460602 2743422.9393071 1993.1645616
500273.8221515 2743425.0606920 1993.8480401
500271.6891015 2743427.1735500 1994.6148573
500269.5510532 2743429.2817458 1995.4272429
500265.3439149 2743433.5624601 1996.4233406
500261.1735186 2743437.8774467 1997.0844715
500257.0034734 2743442.1927608 1997.7424014
500254.8765854 2743444.3113666 1998.4530418
500250.5564778 2743448.4867054 2000.4790491
500246.3728481 2743452.7893481 2001.2608255
500241.7202802 2743456.6545745 2002.3177812
497620.2254084 2746948.2098036 1966.9151761
497622.7060705 2746946.5203007 1966.3062792
497631.1135096 2746941.1058044 1966.0000000
497639.5449252 2746935.7288875 1966.0000000
497647.9756065 2746930.3508196 1966.0000000
497656.4055534 2746924.9716008 1966.0000000
497664.8480115 2746919.6119913 1966.1641717
497673.3167704 2746914.2936043 1966.6634330
497678.3962437 2746911.0997789 1966.9452701
497688.5550148 2746904.7118532 1967.5165999
497678.7679966 2746911.6824438 1967.5529864
497673.7098299 2746914.9096640 1967.5352356
497665.2795522 2746920.2883643 1967.5129322
497656.8492744 2746925.6670646 1967.4997304
497648.4189967 2746931.0457649 1967.4956302
497639.9887189 2746936.4244653 1967.5006315
497631.5584412 2746941.8031656 1967.5147344
497623.1281634 2746947.1818659 1967.5379389
497620.5990801 2746948.7954760 1967.5466750
497618.0699968 2746950.4090861 1967.5562304
497620.2254084 2746948.2098036 1966.9151761
498860.0501469 2745768.6258966 1965.9906525
498864.8458798 2745759.9430769 1965.8081708
498868.1648133 2745753.8442159 1965.5395865
498872.3581976 2745745.9628423 1964.8145512
498875.1198240 2745740.6905710 1964.1873398
498882.0910969 2745727.5473796 1963.5258779
498887.5881221 2745716.9909798 1962.7996948
498890.2812634 2745711.6839755 1962.1554444
498895.7220225 2745701.0994908 1961.5498496
498901.1209916 2745690.4940600 1960.9924535
498906.4670921 2745679.8622215 1960.4008945
498910.8975144 2745670.9903720 1960.0000000
498915.3480759 2745662.1289063 1960.0000000
498919.7651174 2745653.2506807 1960.0000000
498924.1485741 2745644.3558262 1960.0000000
498928.4983812 2745635.4444736 1960.0000000
498932.8144749 2745626.5167542 1960.0000000
498937.0967917 2745617.5727996 1960.0000000
498941.3452685 2745608.6127415 1960.0000000
498945.5598428 2745599.6367119 1960.0000000
498949.7404529 2745590.6448431 1960.0000000
498953.8870658 2745581.6372099 1960.0000000
498958.0007041 2745572.6124157 1960.0000000
498962.0826421 2745563.5702638 1960.0000000
498966.1338926 2745554.5113519 1960.0000000
498970.1554756 2745545.4362666 1960.0000000
498974.1484177 2745536.3455840 1960.0000000
498978.1137509 2745527.2398693 1960.0000000
498982.0525133 2745518.1196779 1960.0000000
498985.9657489 2745508.9855552 1960.0000000
498991.5559529 2745496.2402163 1961.1050688
498993.9620380 2745490.7801305 1961.7532440
498996.3939277 2745485.3295716 1962.6455861
498997.6171588 2745482.6068156 1963.1653897
498998.8385278 2745479.8829043 1963.6853714
499000.0659967 2745477.1611780 1964.2628822
499001.3035692 2745474.4432966 1964.9266046
499002.5345006 2745471.7222471 1965.5552997
499003.7563394 2745468.9970240 1966.1310918
499004.9744001 2745466.2698588 1966.6921954
499004.4509568 2745469.2864515 1967.1477823
499003.3015667 2745472.0424454 1967.0967289
499002.1504654 2745474.7974740 1967.0464258
499000.9976241 2745477.5515236 1966.9968730
498999.8430137 2745480.3045807 1966.9480705
498998.6866055 2745483.0566317 1966.9000183
498997.5283707 2745485.8076629 1966.8527164
498995.2063059 2745491.3066113 1966.7603634
498992.8765896 2745496.8013154 1966.6710115
498987.4095420 2745509.6051582 1966.4741939
498983.4766317 2745518.7354451 1966.3436127
498979.5192992 2745527.8523656 1966.2213668
498975.5364979 2745536.9553776 1966.1074560
498971.5271867 2745546.0439298 1966.0018800
498967.4903300 2745555.1174619 1965.9046387
498963.4248974 2745564.1754034 1965.8157317
498959.3298644 2745573.2171741 1965.7351590
498955.2042134 2745582.2421834 1965.6629204
498951.0466872 2745591.2505879 1965.5990157
498946.8563063 2745600.2436902 1965.5434447
498942.6330997 2745609.2214242 1965.4962075
498938.3771239 2745618.1836701 1965.4573037
498934.0884356 2745627.1303082 1965.4267335
498929.7670921 2745636.0612192 1965.4044967
498925.4131511 2745644.9762839 1965.3905933
498921.0266706 2745653.8753833 1965.3850232
498916.6077093 2745662.7583987 1965.3877865
498912.1563260 2745671.6252114 1965.3988831
498907.6725801 2745680.4757032 1965.4183130
498902.2494509 2745691.0745834 1965.4526291
498896.7799101 2745701.6495876 1965.4989453
498891.2640628 2745712.2005127 1965.5572619
498888.4888073 2745717.4668821 1965.5909204
498882.9036993 2745727.9813084 1965.6672379
498875.8575834 2745741.0897447 1965.7795109
498873.0190420 2745746.3222749 1965.8296706
498868.7397419 2745754.1593729 1965.9105358
498865.3935966 2745760.2451413 1965.9780983
498860.5864167 2745768.9242083 1966.0817004
498855.7475625 2745777.5856557 1966.1936374
498860.0501469 2745768.6258966 1965.9906525
499244.7746456 2744861.2895063 1982.8536018
499245.8020159 2744858.4513165 1982.2134430
499249.5181954 2744849.1078265 1982.0650316
499254.7577687 2744836.0414052 1981.8382694
499258.5508622 2744826.7286371 1981.8372394
499262.3900914 2744817.4347940 1982.0000000
499266.2301812 2744808.1411831 1982.0000000
499270.0936727 2744798.8571837 1982.0000000
499273.9805414 2744789.5828557 1982.0000000
499277.8908650 2744780.3183029 1982.0007423
499282.6774922 2744769.2411181 1982.4622453
499288.7104183 2744755.4163261 1983.0587477
499292.3827586 2744747.1445629 1983.6174302
499296.4523441 2744737.9492049 1984.0000000
499299.7170315 2744730.5969746 1984.2505522
499303.4535051 2744722.3541479 1984.8684561
499307.2124886 2744714.1216879 1985.5149583
499309.7411332 2744708.6437540 1986.0361802
499311.0509426 2744705.9253885 1986.6069227
499312.3648010 2744703.2089771 1987.1924509
499311.7174942 2744706.2262585 1987.4823206
499310.4777227 2744708.9755812 1987.4220602
499308.0042909 2744714.4769779 1987.3006951
499304.3094316 2744722.7359284 1987.1165368
499300.6329347 2744731.0030694 1986.9298456
499297.3803674 2744738.3584820 1986.7617715
499293.3351004 2744747.5617591 1986.5488645
499289.7137990 2744755.8532261 1986.3545744
499283.7192709 2744769.6901551 1986.0251287
499278.9605725 2744780.7756244 1985.7565059
499275.0200952 2744790.0242532 1985.5292134
499271.1024660 2744799.2825833 1985.2987935
499267.2077088 2744808.5505583 1985.0652461
499263.3358473 2744817.8281218 1984.8285710
499259.4869052 2744827.1152172 1984.5887683
499255.6609059 2744836.4117877 1984.3458379
499250.3430952 2744849.4427970 1984.0004806
499246.5722535 2744858.7618768 1983.7500433
499245.4454892 2744861.5594134 1983.6743022
499244.3207974 2744864.3577839 1983.5982795
499244.7746456 2744861.2895063 1982.8536018
500215.4163028 2743420.6697353 2001.1827540
500219.4224122 2743416.2015052 2000.4421285
500223.4257318 2743411.7306727 1999.6760685
500227.4195939 2743407.2510185 1998.8237874
500231.4108103 2743402.7688964 1997.9473864
500233.3878611 2743400.5105254 1997.3400031
500235.3648457 2743398.2520926 1996.7320163
500237.3444002 2743395.9960569 1996.1474580
500239.3273369 2743393.7431762 1995.5937356
500241.3094247 2743391.4895036 1995.0322727
500243.2914088 2743389.2357342 1994.4698649
500245.2698886 2743386.9786962 1993.8755093
500247.2379740 2743384.7119625 1993.1863915
500249.2082532 2743382.4472750 1992.5172735
500251.1962344 2743380.1990997 1992.0095398
500258.0074340 2743372.8773689 1992.0000000
500264.8196799 2743365.5566142 1992.0000000
500271.6319259 2743358.2358596 1992.0000000
500278.4805973 2743350.9490819 1992.3320812
500283.5024983 2743345.4415936 1992.6082911
500291.5269221 2743336.5318280 1993.1629349
500299.5398708 2743327.6252876 1993.7191009
500309.6024198 2743316.5517981 1995.0185482
500311.7150005 2743314.4280391 1996.1996790
500313.8130856 2743312.2920989 1997.2624825
500315.9184256 2743310.1632001 1998.4010065
500318.0369110 2743308.0465012 1999.6679816
500320.1309901 2743305.9088499 2000.7299912
500322.2006207 2743303.7502567 2001.5874002
500324.2642214 2743301.5869718 2002.4044883
500322.8765873 2743304.3453477 2003.5913397
500320.9013536 2743306.5877867 2003.5756383
500318.9245516 2743308.8296111 2003.5593745
500316.9462413 2743311.0708729 2003.5425481
500314.9664829 2743313.3116241 2003.5251592
500312.9853363 2743315.5519170 2003.5072078
500311.0028617 2743317.7918039 2003.4886938
500301.0726654 2743328.9869854 2003.3876860
500293.1107145 2743337.9411932 2003.2967539
500285.1370983 2743346.8973557 2003.2007706
500280.1045020 2743352.4638283 2003.1367697
500273.2834808 2743359.7763976 2003.0567686
500266.4624597 2743367.0889670 2002.9767675
500259.6414385 2743374.4015363 2002.8967664
500252.8204174 2743381.7141057 2002.8167653
500250.7741110 2743383.9078765 2002.7927650
500248.7278047 2743386.1016473 2002.7687647
500246.6814984 2743388.2954181 2002.7447643
500244.6351920 2743390.4891889 2002.7207640
500242.5888857 2743392.6829597 2002.6967637
500240.5425793 2743394.8767305 2002.6727634
500238.4962730 2743397.0705013 2002.6487630
500236.4499666 2743399.2642721 2002.6247627
500234.4036603 2743401.4580429 2002.6007624
500232.3573539 2743403.6518137 2002.5767621
500228.2647413 2743408.0393553 2002.5287614
500224.1721286 2743412.4268969 2002.4807607
500220.0795159 2743416.8144385 2002.4327601
500215.9869032 2743421.2019801 2002.3847594
500211.8942905 2743425.5895218 2002.3367588
500215.4163028 2743420.6697353 2001.1827540
497399.6835992 2747130.0751691 1978.0764698
497408.1138770 2747124.6964688 1977.7921699
497416.5441547 2747119.3177685 1977.5169823
497424.9744325 2747113.9390682 1977.2509062
497433.4047102 2747108.5603679 1976.9939410
497441.8349880 2747103.1816676 1976.7460861
497450.2652657 2747097.8029673 1976.5073408
497458.6955435 2747092.4242670 1976.2777046
497467.1258213 2747087.0455667 1976.0571768
497475.5560990 2747081.6668664 1975.8457570
497483.9863768 2747076.2881660 1975.6434446
497492.4166545 2747070.9094657 1975.4502391
497500.8469323 2747065.5307654 1975.2661400
497509.2772100 2747060.1520651 1975.0911468
497517.7074878 2747054.7733648 1974.9252592
497526.1377655 2747049.3946645 1974.7684767
497534.5680433 2747044.0159642 1974.6207989
497537.9401544 2747041.8644841 1974.5642770
497542.9983210 2747038.6372639 1974.4822254
497548.0564877 2747035.4100437 1974.4034513
497551.4285988 2747033.2585636 1974.3527560
497556.4867655 2747030.0313434 1974.2794442
497559.8588766 2747027.8798633 1974.2323903
497564.9170432 2747024.6526431 1974.1645405
497568.2891543 2747022.5011630 1974.1211279
497575.8764043 2747017.6603327 1974.0287750
497576.7194321 2747017.1224627 1974.0189687
497584.3066820 2747012.2816324 1973.9348084
497585.1497098 2747011.7437624 1973.9259123
497593.5799876 2747006.3650621 1973.8419586
497596.1090709 2747004.7514520 1973.8185475
497602.0102653 2747000.9863618 1973.7671073
497604.5393487 2746999.3727517 1973.7464268
497610.4405431 2746995.6076615 1973.7013582
497612.9696264 2746993.9940514 1973.6834084
497618.8708208 2746990.2289612 1973.6447112
497621.3999042 2746988.6153511 1973.6294919
497626.4580708 2746985.3881309 1973.6015110
497627.3010986 2746984.8502608 1973.5971661
497634.8883486 2746980.0094306 1973.5621575
497635.7313763 2746979.4715605 1973.5587228
497636.3575778 2746979.0720304 1973.5562304
497638.8866611 2746977.4584203 1973.5466750
497641.4157444 2746975.8448102 1973.5379389
497643.3186263 2746974.6307303 1973.5319058
497644.1616541 2746974.0928602 1973.5293812
497649.8460222 2746970.4661099 1973.5147344
497651.7489041 2746969.2520300 1973.5107557
497652.5919319 2746968.7141599 1973.5091413
497658.2763000 2746965.0874096 1973.5006315
497660.1791818 2746963.8733297 1973.4987072
497661.0222096 2746963.3354596 1973.4980030
497666.7065777 2746959.7087093 1973.4956302
497668.6094596 2746958.4946293 1973.4957603
497669.4524874 2746957.9567593 1973.4959662
497675.1368555 2746954.3300090 1973.4997304
497677.0397373 2746953.1159290 1973.5019150
497677.8827651 2746952.5780590 1973.5030310
497682.0979040 2746949.8887089 1973.5099765
497683.5671332 2746948.9513087 1973.5129322
497686.3130429 2746947.1993587 1973.5191974
497691.9974110 2746943.5726084 1973.5352356
497692.2142373 2746943.4342685 1973.5359293
497694.7433206 2746941.8206584 1973.5444654
497697.0555776 2746940.3453882 1973.5529864
497703.1735984 2746936.4419581 1973.5788350
497707.1719109 2746933.8909478 1973.5983179
497711.6038761 2746931.0632578 1973.6223065
497720.0341539 2746925.6845575 1973.6748798
497728.4644316 2746920.3058572 1973.7365551
497736.8947094 2746914.9271569 1973.8073326
497745.3249872 2746909.5484566 1973.8872124
497753.7552649 2746904.1697563 1973.9761947
497762.1855427 2746898.7910560 1974.0742798
497770.6158204 2746893.4123556 1974.1814679
497779.0460982 2746888.0336553 1974.2977592
497787.4763759 2746882.6549550 1974.4231541
497795.9066537 2746877.2762547 1974.5576529
497804.3369314 2746871.8975544 1974.7012558
497812.7672092 2746866.5188541 1974.8539633
497821.1974869 2746861.1401538 1975.0157758
497829.6277647 2746855.7614535 1975.1866936
497838.0580425 2746850.3827532 1975.3667171
497846.4887943 2746845.0035500 1975.5517072
497854.9201964 2746839.6225868 1975.7367071
497863.3516059 2746834.2388528 1975.9217070
497871.7823769 2746828.8513380 1976.1067069
497880.2118617 2746823.4590320 1976.2917069
497888.6394111 2746818.0609255 1976.4767068
497897.0643739 2746812.6560099 1976.6617067
497897.1484821 2746812.7870003 1976.5579277
497889.0248161 2746818.6621766 1976.0005929
497880.5141858 2746823.9313506 1975.9178472
497872.3226074 2746829.6963265 1975.4380916
497864.1623489 2746835.5081110 1974.9176441
497856.0009379 2746841.3156344 1974.3976506
497847.7408247 2746846.9656814 1974.0000000
497839.1607167 2746852.1110240 1974.0000000
497830.5851951 2746857.2620770 1974.0000000
497822.0170200 2746862.4246446 1974.0000000
497813.4561911 2746867.5987264 1974.0000000
497804.9027082 2746872.7843216 1974.0000000
497796.3565708 2746877.9814300 1974.0000000
497787.8177788 2746883.1900510 1974.0000000
497779.3051897 2746888.4397411 1973.9766264
497771.3114824 2746894.5026979 1973.3192248
497763.3507999 2746900.6174158 1972.6299938
497755.4524068 2746906.8297627 1971.8726607
497747.4577311 2746912.8912016 1971.2437684
497739.4879244 2746918.9916187 1970.5931547
497731.5773571 2746925.1848846 1969.8782184
497723.7670926 2746931.5353594 1969.0480635
497716.0071818 2746937.9647559 1968.1645993
497711.6886621 2746940.9702541 1968.0000000
497707.6859252 2746943.5143298 1967.9860009
497701.7871933 2746947.7614613 1967.6883532
497699.5609875 2746949.3716034 1967.5731754
497697.0550676 2746951.0215185 1967.5359293
497696.8382413 2746951.1598584 1967.5352356
497691.1538732 2746954.7866087 1967.5191974
497688.4079635 2746956.5385587 1967.5129322
497686.9387343 2746957.4759588 1967.5099765
497682.7235954 2746960.1653090 1967.5030310
497681.8805676 2746960.7031790 1967.5019150
497679.9776857 2746961.9172590 1967.4997304
497674.2933176 2746965.5440093 1967.4959662
497673.4502899 2746966.0818793 1967.4957603
497671.5474080 2746967.2959593 1967.4956302
497665.8630399 2746970.9227096 1967.4980030
497665.0200121 2746971.4605796 1967.4987072
497663.1171302 2746972.6746596 1967.5006315
497657.4327621 2746976.3014099 1967.5091413
497656.5897344 2746976.8392799 1967.5107557
497654.6868525 2746978.0533599 1967.5147344
497649.0024844 2746981.6801102 1967.5293812
497648.1594566 2746982.2179802 1967.5319058
497646.2565747 2746983.4320602 1967.5379389
497643.7274914 2746985.0456703 1967.5466750
497641.1984081 2746986.6592804 1967.5562304
497640.5722066 2746987.0588105 1967.5587228
497639.7291788 2746987.5966805 1967.5621575
497632.1419289 2746992.4375108 1967.5971661
497631.2989011 2746992.9753809 1967.6015110
497626.2407344 2746996.2026010 1967.6294919
497623.7116511 2746997.8162111 1967.6447112
497617.8104567 2747001.5813013 1967.6834084
497615.2813734 2747003.1949114 1967.7013582
497609.3801789 2747006.9600017 1967.7464268
497606.8510956 2747008.5736117 1967.7671073
497600.9499012 2747012.3387020 1967.8185475
497598.4208179 2747013.9523120 1967.8419586
497589.9905401 2747019.3310124 1967.9259123
497589.1475123 2747019.8688824 1967.9348084
497581.5602623 2747024.7097127 1968.0189687
497580.7172346 2747025.2475827 1968.0287750
497573.1299846 2747030.0884130 1968.1211279
497569.7578735 2747032.2398931 1968.1645405
497564.6997068 2747035.4671133 1968.2323903
497561.3275957 2747037.6185934 1968.2794442
497556.2694291 2747040.8458136 1968.3527560
497552.8973180 2747042.9972937 1968.4034513
497547.8391513 2747046.2245139 1968.4822254
497542.7809847 2747049.4517341 1968.5642770
497539.3112322 2747051.4501766 1968.7418211
497530.5132845 2747056.2526112 1969.3452100
497521.7130936 2747061.0515302 1969.9604838
497513.3847730 2747066.5900324 1970.0000000
497505.0255157 2747072.0800464 1970.0869663
497496.4727635 2747077.2667869 1970.4228672
497487.9194368 2747082.4526271 1970.7685866
497479.3177164 2747087.5626176 1971.1833948
497470.6841416 2747092.6226815 1971.6467924
497461.9709280 2747097.5579237 1972.2180070
497452.7597011 2747101.7126075 1973.4155960
497444.0505441 2747106.6542079 1974.0000000
497435.3349906 2747111.5857826 1974.6014419
497426.7291336 2747116.6892898 1975.0760300
497418.1135207 2747121.7775061 1975.5718209
497409.2732356 2747126.5135834 1976.3551950
497400.0241026 2747130.6088552 1977.6544306
497399.6835992 2747130.0751691 1978.0764698