498622.6685 2746131.081 1977.639699
498623.9079 2746128.286 1977.080043
498629.2678 2746119.874 1976.25
498635.585 2746112.213 1976.25
498641.8807 2746104.533 1976.25
498649.0632 2746097.526 1977.011573
498659.1915 2746092.736 1980.25
498665.4357 2746084.98 1980.25
498671.3837 2746077.001 1980.021833
498675.8577 2746067.93 1978.590497
498681.1115 2746059.449 1977.829933
498686.7151 2746051.23 1977.379935
498692.2132 2746042.937 1976.863425
498697.6355 2746034.594 1976.305452
498703.3379 2746026.454 1975.99757
498709.0682 2746018.334 1975.731937
498714.7773 2746010.2 1975.468361
498720.4624 2746002.049 1975.204536
498726.1234 2745993.881 1974.940307
498731.7602 2745985.696 1974.675744
498737.3728 2745977.495 1974.410913
498743.0909 2745969.365 1974.25
498748.8796 2745961.28 1974.164257
498753.3519 2745952.318 1973.045015
498757.4937 2745943.15 1971.696618
498762.3752 2745934.479 1970.974752
498767.9481 2745926.262 1970.836723
498773.4704 2745918.01 1970.690402
498778.6688 2745909.55 1970.319968
498784.2062 2745901.306 1970.25
498789.7923 2745893.09 1970.25
498795.3384 2745884.846 1970.25
498800.8444 2745876.574 1970.25
498806.3073 2745868.273 1970.247863
498810.1564 2745858.989 1969.018703
498814.5497 2745850.046 1968.25
498819.8879 2745841.674 1968.25
498825.1852 2745833.276 1968.25
498830.4415 2745824.852 1968.25
498835.6566 2745816.401 1968.25
498840.8304 2745807.924 1968.25
498845.4167 2745799.109 1967.830479
498849.4141 2745789.962 1966.993061
498853.9876 2745781.149 1966.631827
498858.5528 2745772.334 1966.297672
498863.3218 2745763.634 1966.152198
498867.8514 2745754.804 1965.857168
498871.5943 2745745.547 1964.998458
498875.4059 2745736.338 1964.2272
498879.4317 2745727.251 1963.652974
498883.3688 2745718.123 1963.046232
498886.9879 2745708.834 1962.234598
498891.0374 2745699.779 1961.781693
498891.2884 2745699.212 1961.752884
498893.1342 2745689.722 1961.300032
498896.9861 2745680.584 1960.84086
498900.7629 2745671.414 1960.364137
498905.0589 2745662.511 1960.25
498909.4879 2745653.676 1960.25
498913.8716 2745644.818 1960.25
498918.2097 2745635.938 1960.25
498922.5022 2745627.035 1960.25
498926.7489 2745618.111 1960.25
498930.9498 2745609.165 1960.25
498935.1047 2745600.198 1960.25
498939.2134 2745591.21 1960.25
498943.276 2745582.201 1960.25
498947.2926 2745573.17 1960.25
498951.2651 2745564.117 1960.25
498955.1944 2745555.04 1960.25
498959.0816 2745545.942 1960.25
498962.9276 2745536.822 1960.25
498966.7335 2745527.681 1960.25
498970.5002 2745518.521 1960.25
498974.2287 2745509.34 1960.25
498977.9201 2745500.141 1960.25
498983.0721 2745491.558 1961.179101
498988.7329 2745483.178 1962.443586
498990.3666 2745481.173 1962.898172
498997.0055 2745475.879 1964.36129
499003.575 2745467.843 1966.505943
499009.8243 2745459.659 1968.437844
499015.0269 2745451.029 1969.633161
499019.7213 2745442.183 1970.481027
499023.7107 2745433.043 1970.839936
499027.6754 2745423.889 1971.199622
499031.6164 2745414.724 1971.56004
499035.535 2745405.546 1971.921316
499039.4357 2745396.359 1972.28603
499045.0174 2745387.84 1973.873091
499049.8146 2745379.003 1974.910875
499054.3917 2745370.074 1975.803364
499054.4633 2745369.934 1975.817382
499054.4634 2745369.934 1975.817443
499054.4057 2745370.08 1975.813376
499050.7114 2745379.361 1975.554509
499047.0091 2745388.637 1975.303026
499043.2975 2745397.907 1975.059884
499039.5757 2745407.172 1974.825083
499035.8424 2745416.431 1974.598621
499032.0967 2745425.683 1974.380499
499028.3373 2745434.928 1974.170716
499024.5633 2745444.166 1973.969272
499020.7735 2745453.395 1973.776166
499016.9668 2745462.616 1973.591398
499013.1421 2745471.827 1973.414967
499009.2984 2745481.03 1973.246873
499006.4025 2745487.925 1973.126274
499005.4346 2745490.222 1973.087116
499001.5497 2745499.403 1972.935695
498997.6424 2745508.574 1972.79261
498993.7119 2745517.732 1972.657861
498989.7569 2745526.879 1972.531448
498985.7765 2745536.013 1972.41337
498981.7696 2745545.134 1972.303626
498977.7352 2745554.241 1972.202218
498973.6722 2745563.334 1972.109143
498969.5795 2745572.411 1972.024404
498965.4562 2745581.474 1971.947998
498961.3013 2745590.52 1971.879926
498957.1135 2745599.55 1971.820189
498952.8927 2745608.565 1971.768784
498948.6391 2745617.565 1971.725714
498944.3526 2745626.549 1971.690977
498940.0333 2745635.518 1971.664573
498935.6813 2745644.47 1971.646503
498931.2966 2745653.407 1971.636767
498926.8793 2745662.327 1971.635363
498922.4294 2745671.232 1971.642293
498917.947 2745680.12 1971.657556
498913.4322 2745688.991 1971.681153
498908.885 2745697.846 1971.713083
498904.5926 2745706.133 1971.750586
498904.3055 2745706.685 1971.753347
498899.6937 2745715.506 1971.801944
498895.0497 2745724.311 1971.858875
498890.3736 2745733.099 1971.924139
498885.6655 2745741.869 1971.997738
498880.9253 2745750.622 1972.079671
498876.1531 2745759.358 1972.169938
498871.3491 2745768.077 1972.268539
498866.5133 2745776.777 1972.375475
498861.6457 2745785.461 1972.490746
498856.7464 2745794.126 1972.614352
498851.8155 2745802.773 1972.746293
498846.8531 2745811.402 1972.886571
498841.8591 2745820.013 1973.035184
498836.8338 2745828.606 1973.192133
498831.7771 2745837.18 1973.357419
498826.689 2745845.736 1973.531041
498821.5698 2745854.273 1973.713001
498816.4194 2745862.791 1973.903299
498811.2379 2745871.291 1974.101935
498806.0255 2745879.771 1974.308909
498800.782 2745888.233 1974.524222
498795.5077 2745896.675 1974.747875
498790.2026 2745905.098 1974.979867
498784.8667 2745913.501 1975.2202
498779.5002 2745921.885 1975.468873
498774.1031 2745930.249 1975.725888
498768.6755 2745938.594 1975.991245
498763.2174 2745946.918 1976.264944
498757.729 2745955.223 1976.546986
498752.2102 2745963.507 1976.83548
498746.6612 2745971.771 1977.12047
498741.0821 2745980.015 1977.400507
498735.4729 2745988.239 1977.67559
498729.8336 2745996.442 1977.94572
498724.1645 2746004.624 1978.210896
498718.4655 2746012.785 1978.47112
498712.7367 2746020.926 1978.726391
498706.9782 2746029.046 1978.976709
498701.1901 2746037.144 1979.222074
498695.3725 2746045.222 1979.462488
498689.5254 2746053.278 1979.697949
498683.6489 2746061.312 1979.928459
498677.743 2746069.325 1980.154016
498671.808 2746077.317 1980.374622
498665.8438 2746085.287 1980.590277
498659.8505 2746093.234 1980.80098
498653.8282 2746101.16 1981.006732
498647.777 2746109.064 1981.207534
498641.6969 2746116.946 1981.403384
498635.5882 2746124.806 1981.594284
498630.6738 2746131.081 1981.743177
498622.6685 2746131.081 1977.639699
