499091.1985 2745345.081 1976.520061
499090.6574 2745346.451 1976.481772
499086.9787 2745355.756 1976.221773
499083.2948 2745365.06 1975.961774
499079.6045 2745374.364 1975.701774
499075.9066 2745383.666 1975.441775
499072.2001 2745392.966 1975.185853
499068.4839 2745402.264 1974.938271
499064.7568 2745411.559 1974.69903
499061.0177 2745420.851 1974.468129
499057.2656 2745430.14 1974.245568
499053.4993 2745439.424 1974.031346
499049.7177 2745448.703 1973.825463
499045.9196 2745457.978 1973.627919
499042.1041 2745467.247 1973.438712
499038.27 2745476.51 1973.257844
499034.4161 2745485.766 1973.085312
499030.5414 2745495.016 1972.921117
499026.6449 2745504.257 1972.765259
499022.7254 2745513.491 1972.617737
499018.7817 2745522.716 1972.478551
499014.8129 2745531.932 1972.3477
499010.8179 2745541.138 1972.225185
499006.7956 2745550.334 1972.111005
499002.7448 2745559.519 1972.00516
498998.6646 2745568.692 1971.90765
498994.5538 2745577.854 1971.818473
498990.4115 2745587.003 1971.737631
498986.2364 2745596.138 1971.665124
498982.028 2745605.26 1971.60095
498977.7862 2745614.366 1971.54511
498973.5112 2745623.457 1971.497603
498969.203 2745632.532 1971.45843
498964.8617 2745641.591 1971.427591
498960.4873 2745650.634 1971.405085
498956.08 2745659.661 1971.390912
498951.6396 2745668.672 1971.385073
498947.1664 2745677.667 1971.387567
498942.6604 2745686.645 1971.398394
498938.1215 2745695.607 1971.417555
498933.55 2745704.552 1971.445049
498928.9458 2745713.481 1971.480877
498924.3091 2745722.392 1971.525038
498919.6398 2745731.287 1971.577533
498914.938 2745740.164 1971.638362
498910.2039 2745749.025 1971.707524
498905.4374 2745757.867 1971.78502
498900.6386 2745766.693 1971.870851
498895.8076 2745775.501 1971.965016
498890.9445 2745784.291 1972.067515
498886.0493 2745793.063 1972.17835
498881.1221 2745801.817 1972.297519
498876.163 2745810.554 1972.425023
498871.1719 2745819.272 1972.560863
498866.1491 2745827.971 1972.705039
498861.0945 2745836.653 1972.857551
498856.0082 2745845.316 1973.018399
498850.8903 2745853.96 1973.187584
498845.7409 2745862.585 1973.365106
498840.5599 2745871.192 1973.550965
498835.3476 2745879.779 1973.745163
498830.104 2745888.348 1973.947698
498824.829 2745896.897 1974.158573
498819.5229 2745905.427 1974.377786
498814.1856 2745913.938 1974.605339
498808.8173 2745922.429 1974.841232
498803.418 2745930.9 1975.085466
498797.9878 2745939.352 1975.33804
498792.5268 2745947.783 1975.598957
498787.035 2745956.195 1975.868215
498781.5125 2745964.586 1976.145816
498775.9594 2745972.958 1976.431759
498770.3757 2745981.308 1976.719386
498764.7616 2745989.639 1977.002059
498759.1171 2745997.949 1977.279779
498753.4422 2746006.238 1977.552546
498747.7371 2746014.507 1977.820359
498742.0018 2746022.754 1978.083219
498736.2365 2746030.981 1978.341126
498730.4411 2746039.186 1978.594081
498724.6158 2746047.37 1978.842082
498718.7607 2746055.533 1979.085132
498712.8757 2746063.675 1979.323229
498706.9611 2746071.794 1979.556374
498701.0168 2746079.893 1979.784568
498695.043 2746087.969 1980.007809
498689.0397 2746096.024 1980.2261
498683.007 2746104.056 1980.439439
498676.945 2746112.067 1980.647826
498673.1216 2746117.081 1980.775524
498641.5869 2746117.081 1981.15615
498644.9369 2746112.753 1981.049749
498651.0016 2746104.86 1980.851263
498657.0375 2746096.944 1980.647826
498663.0443 2746089.007 1980.439439
498669.0221 2746081.047 1980.2261
498674.9708 2746073.066 1980.007809
498680.8904 2746065.063 1979.784568
498686.7806 2746057.038 1979.556374
498692.6415 2746048.992 1979.323229
498698.4729 2746040.925 1979.085132
498704.2748 2746032.836 1978.842082
498710.0472 2746024.726 1978.594081
498715.7899 2746016.595 1978.341126
498721.5028 2746008.444 1978.083219
498727.1859 2746000.271 1977.820359
498732.8391 2745992.078 1977.552546
498738.4624 2745983.864 1977.279779
498744.0556 2745975.63 1977.002059
498749.6187 2745967.375 1976.719386
498755.1516 2745959.1 1976.431759
498760.6542 2745950.805 1976.145816
498766.1265 2745942.489 1975.868215
498771.5684 2745934.154 1975.598957
498776.9798 2745925.799 1975.33804
498782.3606 2745917.425 1975.085466
498787.7108 2745909.03 1974.841232
498793.0303 2745900.617 1974.605339
498798.3191 2745892.183 1974.377786
498803.577 2745883.731 1974.158573
498808.8039 2745875.259 1973.947698
498813.9999 2745866.769 1973.745163
498819.1649 2745858.259 1973.550965
498824.2987 2745849.731 1973.365106
498829.4013 2745841.184 1973.187584
498834.4727 2745832.618 1973.018399
498839.5127 2745824.034 1972.857551
498844.5214 2745815.432 1972.705039
498849.4985 2745806.811 1972.560863
498854.4442 2745798.172 1972.425023
498859.3583 2745789.515 1972.297519
498864.2407 2745780.841 1972.17835
498869.0914 2745772.148 1972.067515
498873.9103 2745763.438 1971.965016
498878.6973 2745754.71 1971.870851
498883.4525 2745745.965 1971.78502
498888.1756 2745737.203 1971.707524
498892.8667 2745728.423 1971.638362
498897.5257 2745719.626 1971.577533
498902.1526 2745710.813 1971.525038
498906.7472 2745701.982 1971.480877
498911.3095 2745693.135 1971.445049
498915.8395 2745684.271 1971.417555
498920.337 2745675.391 1971.398394
498924.8021 2745666.494 1971.387567
498929.2347 2745657.581 1971.385073
498933.6346 2745648.652 1971.390912
498938.0019 2745639.707 1971.405085
498942.3365 2745630.746 1971.427591
498946.6384 2745621.769 1971.45843
498950.9074 2745612.777 1971.497603
498955.1435 2745603.769 1971.54511
498959.3467 2745594.745 1971.60095
498963.517 2745585.706 1971.665124
498967.655 2745576.652 1971.737631
498971.7618 2745567.581 1971.818473
498975.8385 2745558.495 1971.90765
498979.8862 2745549.395 1972.00516
498983.9059 2745540.281 1972.111005
498987.8985 2745531.153 1972.225185
498991.8652 2745522.012 1972.3477
498995.8071 2745512.859 1972.478551
498999.7251 2745503.694 1972.617737
499003.6203 2745494.517 1972.765259
499007.4939 2745485.33 1972.921117
499011.3469 2745476.132 1973.085312
499015.1803 2745466.925 1973.257844
499018.9953 2745457.709 1973.438712
499022.7928 2745448.483 1973.627919
499026.5741 2745439.25 1973.825463
499030.3402 2745430.008 1974.031346
499034.0922 2745420.759 1974.245568
499037.8311 2745411.503 1974.468129
499041.5582 2745402.241 1974.69903
499045.2744 2745392.973 1974.938271
499048.9809 2745383.7 1975.185853
499052.6788 2745374.421 1975.441775
499056.3692 2745365.138 1975.701774
499060.0532 2745355.85 1975.961774
499063.7319 2745346.559 1976.221773
499064.3163 2745345.081 1976.263124
499091.1985 2745345.081 1976.520061
