499116.9111 2745317.081 1986.786505
499112.6467 2745324.784 1985.798893
499107.5442 2745333.524 1984.512424
499101.8713 2745342.042 1982.818895
499094.8523 2745350.028 1980.162675
499089.6361 2745358.728 1978.80159
499084.1876 2745367.335 1977.277457
499078.9454 2745376.024 1975.905442
499078.9453 2745376.024 1975.905387
499082.6369 2745366.72 1976.165387
499086.3219 2745357.416 1976.425386
499090.0014 2745348.111 1976.685385
499093.6765 2745338.806 1976.945384
499097.3484 2745329.502 1977.205384
499101.0181 2745320.198 1977.465383
499102.2474 2745317.081 1977.552501
499116.9111 2745317.081 1986.786505
