498650.6792 2746146.081 1981.732801
498653.7814 2746142.127 1981.640384
498659.9533 2746134.201 1981.450699
498666.0962 2746126.252 1981.256064
498672.2101 2746118.281 1981.056478
498678.2948 2746110.288 1980.851941
498684.3503 2746102.273 1980.642453
498690.3764 2746094.235 1980.428014
498696.3732 2746086.176 1980.208623
498702.3404 2746078.095 1979.984281
498708.2781 2746069.992 1979.754987
498714.1862 2746061.867 1979.520741
498720.0645 2746053.721 1979.281543
498725.9131 2746045.553 1979.037393
498731.7317 2746037.364 1978.78829
498737.5204 2746029.154 1978.534235
498743.2791 2746020.923 1978.275228
498749.0077 2746012.671 1978.011267
498754.706 2746004.398 1977.742353
498760.3742 2745996.104 1977.468485
498766.0119 2745987.789 1977.189664
498771.6193 2745979.454 1976.90589
498777.1962 2745971.099 1976.617489
498782.7425 2745962.723 1976.333399
498788.2582 2745954.327 1976.057652
498793.7432 2745945.911 1975.790248
498799.1974 2745937.475 1975.531186
498804.6207 2745929.019 1975.280465
498810.0131 2745920.543 1975.038085
498815.3745 2745912.048 1974.804046
498820.7049 2745903.533 1974.578346
498826.0041 2745894.999 1974.360986
498831.272 2745886.445 1974.151965
498836.5087 2745877.873 1973.951283
498841.7141 2745869.281 1973.758938
498846.888 2745860.67 1973.574932
498852.0305 2745852.04 1973.399263
498857.1413 2745843.392 1973.231931
498862.2206 2745834.725 1973.072935
498867.2681 2745826.039 1972.922276
498872.2839 2745817.336 1972.779953
498877.2679 2745808.613 1972.645965
498882.2199 2745799.873 1972.520313
498887.14 2745791.115 1972.402997
498892.0281 2745782.339 1972.294015
498896.8841 2745773.545 1972.193368
498901.7079 2745764.733 1972.101055
498906.4995 2745755.904 1972.017077
498911.2588 2745747.057 1971.941433
498915.9858 2745738.193 1971.874122
498920.6803 2745729.312 1971.815146
498925.3424 2745720.413 1971.764503
498929.9719 2745711.498 1971.722194
498932.2744 2745707.034 1971.704165
498934.5688 2745702.566 1971.688219
498939.1331 2745693.617 1971.662577
498943.6646 2745684.651 1971.645268
498948.1634 2745675.669 1971.636293
498952.6293 2745666.671 1971.63565
498957.0623 2745657.656 1971.643342
498961.4624 2745648.626 1971.659366
498965.8294 2745639.579 1971.683725
498970.1634 2745630.516 1971.716416
498974.4642 2745621.438 1971.757441
498978.7318 2745612.344 1971.8068
498982.9662 2745603.234 1971.864492
498987.1672 2745594.109 1971.930518
498991.3349 2745584.97 1972.004878
498995.4701 2745575.819 1972.087572
498999.574 2745566.654 1972.178601
499003.6476 2745557.478 1972.277963
499007.6919 2745548.291 1972.385661
499011.7081 2745539.093 1972.501693
499015.6972 2745529.884 1972.626061
499019.6603 2745520.666 1972.758764
499023.5985 2745511.439 1972.899803
499027.5128 2745502.204 1973.049177
499031.4044 2745492.961 1973.206888
499032.3739 2745490.649 1973.247619
499035.2744 2745483.71 1973.372936
499039.1237 2745474.452 1973.54732
499042.9536 2745465.188 1973.730042
499046.7652 2745455.917 1973.921102
499050.5595 2745446.642 1974.120499
499054.3376 2745437.361 1974.328235
499058.1007 2745428.076 1974.544311
499061.8498 2745418.786 1974.768725
499065.5861 2745409.494 1975.001479
499069.3107 2745400.198 1975.242574
499073.0247 2745390.899 1975.49201
499076.7292 2745381.599 1975.749559
499078.9453 2745376.024 1975.905387
499079.4911 2745376.24 1975.513843
499077.2749 2745381.816 1975.358014
499074.4805 2745391.48 1974.447108
499072.3266 2745401.404 1973.077122
499069.8252 2745411.195 1971.956345
499066.6076 2745420.703 1971.349205
499063.2225 2745430.147 1970.861111
499059.6253 2745439.509 1970.523402
499055.9314 2745448.834 1970.252509
499051.9831 2745458.057 1970.161349
499050.5532 2745468.321 1968.25
499050.466 2745479.154 1965.361776
499048.1908 2745489.096 1964.043193
499048.2197 2745497.288 1963.14449
499047.537 2745499.731 1962.923762
499044.1894 2745509.248 1962.418722
499040.326 2745518.554 1962.226975
499036.6214 2745527.932 1961.929254
499032.991 2745537.347 1961.577263
499029.9082 2745547.008 1960.874983
499026.6844 2745556.617 1960.25
499022.4421 2745565.786 1960.25
499018.1832 2745574.951 1960.25
499013.9066 2745584.111 1960.25
499009.6112 2745593.266 1960.25
499005.2957 2745602.416 1960.25
499000.9595 2745611.558 1960.25
498996.6031 2745620.69 1960.25
498992.2268 2745629.813 1960.25
498987.8304 2745638.925 1960.25
498983.414 2745648.028 1960.25
498978.9777 2745657.12 1960.25
498974.5213 2745666.202 1960.25
498970.0449 2745675.275 1960.25
498965.5484 2745684.337 1960.25
498961.0319 2745693.39 1960.25
498955.5229 2745701.939 1960.873212
498949.776 2745710.357 1961.63859
498945.2504 2745713.712 1961.97516
498942.3925 2745717.919 1962.400777
498935.6356 2745725.782 1964.024935
498930.3903 2745734.422 1964.500127
498924.7457 2745742.844 1965.262084
498919.3455 2745751.388 1965.825674
498914.0479 2745759.982 1966.29719
498908.1239 2745768.23 1967.229607
498902.0544 2745776.387 1968.259866
498896.9357 2745785.06 1968.552862
498891.8348 2745793.741 1968.816775
498886.8664 2745802.495 1968.963727
498881.8882 2745811.242 1969.102021
498876.8525 2745819.957 1969.268412
498871.7115 2745828.611 1969.499759
498866.6843 2745837.33 1969.627456
498861.4556 2745845.931 1969.894622
498856.1244 2745854.47 1970.225612
498851.2374 2745863.273 1970.195887
498846.4736 2745872.152 1970.053097
498841.2519 2745880.758 1970.25
498836.2612 2745889.506 1970.25
498831.2487 2745898.242 1970.25
498826.213 2745906.967 1970.251036
498820.7892 2745915.451 1970.540404
498815.0129 2745923.711 1971.092046
498809.0429 2745931.844 1971.782146
498803.2122 2745940.06 1972.34765
498797.7699 2745948.525 1972.589767
498792.3585 2745957.01 1972.790915
498786.8561 2745965.436 1973.048189
498781.1969 2745973.759 1973.41469
498775.4225 2745982.003 1973.853828
498769.5563 2745990.183 1974.338272
498763.783 2745998.424 1974.719335
498758.0764 2746006.71 1975.017431
498752.367 2746014.994 1975.288425
498746.6067 2746023.242 1975.571291
498740.8204 2746031.472 1975.845831
498734.9907 2746039.671 1976.126471
498728.96 2746047.727 1976.542247
498722.7466 2746055.649 1977.079426
498716.4976 2746063.541 1977.617955
498710.1926 2746071.389 1978.174794
498703.4159 2746078.886 1979.09419
498696.4736 2746086.25 1980.125273
498690.5904 2746094.395 1980.25
498684.8206 2746102.627 1980.25
498679.0143 2746110.834 1980.25
498673.1713 2746119.016 1980.25
498667.44 2746127.287 1980.125489
498663.3653 2746136.848 1978.571849
498657.7882 2746145.259 1978.25
498657.179 2746146.081 1978.25
498650.6792 2746146.081 1981.732801
