498847.4669 2745794.195 1967.320736
498851.902 2745785.301 1966.837494
498856.2718 2745776.375 1966.3383
498861.1053 2745767.711 1966.226736
498865.8518 2745758.999 1966.081447
498869.9322 2745749.924 1965.462821
498873.349 2745740.495 1964.375618
498877.574 2745731.513 1963.936302
498881.5325 2745722.394 1963.329546
498885.0992 2745713.074 1962.46202
498889.1541 2745704.019 1961.997223
498891.1672 2745699.486 1961.766806
498891.3183 2745693.99 1961.516069
498895.1885 2745684.859 1961.054344
498899.0077 2745675.708 1960.590478
498902.972 2745666.636 1960.25
498907.4222 2745657.811 1960.25
498911.8282 2745648.962 1960.25
498916.1913 2745640.088 1960.25
498920.5125 2745631.189 1960.25
498924.7925 2745622.266 1960.25
498929.0323 2745613.321 1960.25
498933.2326 2745604.353 1960.25
498937.3945 2745595.363 1960.25
498941.5187 2745586.353 1960.25
498945.6063 2745577.322 1960.25
498949.658 2745568.27 1960.25
498953.6749 2745559.2 1960.25
498957.6579 2745550.111 1960.25
498961.6078 2745541.004 1960.25
498965.5257 2745531.879 1960.25
498969.4125 2745522.736 1960.25
498973.2692 2745513.578 1960.25
498977.0967 2745504.403 1960.25
498981.6371 2745495.539 1960.712833
498987.3136 2745487.169 1961.90115
498990.3561 2745483.069 1962.62833
498995.5284 2745479.899 1963.606962
499002.2009 2745471.94 1965.723295
499008.9451 2745464 1967.905737
499014.3838 2745455.484 1969.153346
499019.6438 2745446.885 1970.285183
499023.826 2745437.817 1970.648177
499027.9848 2745428.735 1971.007728
499032.1272 2745419.645 1971.36813
499036.2544 2745410.545 1971.72959
499040.3662 2745401.436 1972.091184
499045.391 2745392.716 1973.125428
499050.8422 2745384.174 1974.478504
499055.6498 2745375.356 1975.374239
499058.0531 2745370.938 1975.821949
499058.0532 2745370.938 1975.821997
499056.0879 2745375.543 1975.6918
499052.1629 2745384.738 1975.435877
499048.2364 2745393.931 1975.188295
499044.3076 2745403.122 1974.949054
499040.3752 2745412.31 1974.718152
499036.4384 2745421.494 1974.495591
499032.4962 2745430.675 1974.281369
499028.5474 2745439.851 1974.075486
499024.5911 2745449.022 1973.877941
499020.6263 2745458.188 1973.688734
499016.6521 2745467.349 1973.507865
499012.6672 2745476.504 1973.335333
499008.6709 2745485.652 1973.171138
499006.6681 2745490.223 1973.092166
499004.662 2745494.793 1973.015279
499000.6396 2745503.926 1972.867757
498996.6027 2745513.052 1972.72857
498992.5502 2745522.169 1972.59772
498988.4813 2745531.277 1972.475204
498984.3948 2745540.376 1972.361024
498980.2899 2745549.465 1972.255178
498976.1655 2745558.544 1972.157667
498972.0206 2745567.612 1972.068491
498967.8543 2745576.669 1971.987648
498963.6657 2745585.714 1971.91514
498959.4536 2745594.746 1971.850966
498955.2173 2745603.765 1971.795126
498950.9557 2745612.771 1971.747619
498946.6678 2745621.763 1971.708445
498942.3528 2745630.741 1971.677606
498938.0097 2745639.703 1971.655099
498933.6375 2745648.65 1971.640926
498929.2353 2745657.581 1971.635087
498924.8022 2745666.494 1971.637581
498920.3371 2745675.391 1971.648408
498915.8395 2745684.271 1971.667568
498911.3096 2745693.135 1971.695062
498906.7472 2745701.982 1971.730889
498904.454 2745706.4 1971.751928
498902.1526 2745710.813 1971.77505
498897.5258 2745719.627 1971.827544
498892.8668 2745728.423 1971.888373
498888.1757 2745737.203 1971.957535
498883.4525 2745745.965 1972.035031
498878.6974 2745754.71 1972.120861
498873.9103 2745763.438 1972.215025
498869.0914 2745772.148 1972.317525
498864.2407 2745780.841 1972.428358
498859.3583 2745789.516 1972.547527
498854.4443 2745798.172 1972.675031
498847.4669 2745794.195 1967.320736
