499084.4482 2745309.081 1977.570573
499081.6016 2745315.752 1977.381997
499077.6768 2745324.95 1977.121997
499077.1863 2745326.099 1977.089497
499073.7521 2745334.147 1976.861997
499069.8274 2745343.345 1976.601997
499065.9026 2745352.542 1976.341997
499061.9779 2745361.74 1976.081997
499060.5112 2745361.114 1977.145133
499062.3 2745351.005 1978.953309
499061.7506 2745339.898 1982.456218
499063.1333 2745329.616 1984.558744
499063.9428 2745320.448 1986.688652
499061.7791 2745318.166 1987.284657
499060.5543 2745309.081 1990.17058
499084.4482 2745309.081 1977.570573
