499097.1209 2745343.081 1976.636819
499094.7809 2745348.565 1976.4818
499090.8561 2745357.762 1976.2218
499086.9314 2745366.96 1975.9618
499083.0067 2745376.158 1975.7018
499079.0816 2745385.356 1975.4418
499075.155 2745394.555 1975.185877
499071.2259 2745403.754 1974.938295
499067.2933 2745412.954 1974.699054
499063.3561 2745422.153 1974.468152
499059.4134 2745431.351 1974.245591
499055.4641 2745440.548 1974.031369
499051.5072 2745449.743 1973.825486
499047.5417 2745458.935 1973.627941
499043.5666 2745468.126 1973.438734
499039.5808 2745477.313 1973.257865
499035.5834 2745486.496 1973.085333
499031.5733 2745495.676 1972.921138
499027.5495 2745504.851 1972.765279
499023.511 2745514.021 1972.617757
499019.4568 2745523.185 1972.47857
499015.3859 2745532.344 1972.34772
499011.2972 2745541.496 1972.225204
499007.1899 2745550.642 1972.111024
499003.0628 2745559.78 1972.005178
498998.915 2745568.91 1971.907667
498994.7455 2745578.032 1971.818491
498990.5533 2745587.145 1971.737648
498986.3374 2745596.249 1971.66514
498982.0968 2745605.343 1971.600966
498977.8305 2745614.426 1971.545126
498973.5376 2745623.498 1971.497619
498969.2171 2745632.558 1971.458445
498964.868 2745641.607 1971.427606
498960.4894 2745650.642 1971.405099
498956.0802 2745659.665 1971.390926
498951.6395 2745668.673 1971.385087
498947.1665 2745677.667 1971.387581
498942.6604 2745686.646 1971.398408
498938.1216 2745695.607 1971.417568
498933.5501 2745704.553 1971.445062
498928.9459 2745713.481 1971.480889
498924.3091 2745722.393 1971.52505
498919.6398 2745731.287 1971.577544
498914.9381 2745740.165 1971.638373
498910.2039 2745749.025 1971.707535
498905.4374 2745757.868 1971.785031
498900.6387 2745766.693 1971.870861
498895.8077 2745775.501 1971.965025
498890.9446 2745784.291 1972.067525
498886.0494 2745793.063 1972.178358
498881.1222 2745801.817 1972.297527
498876.163 2745810.554 1972.425031
498854.4443 2745798.172 1972.425031
498859.3583 2745789.516 1972.297527
498864.2407 2745780.841 1972.178358
498869.0914 2745772.148 1972.067525
498873.9103 2745763.438 1971.965025
498878.6974 2745754.71 1971.870861
498883.4525 2745745.965 1971.785031
498888.1757 2745737.203 1971.707535
498892.8668 2745728.423 1971.638373
498897.5258 2745719.627 1971.577544
498902.1526 2745710.813 1971.52505
498906.7472 2745701.982 1971.480889
498911.3096 2745693.135 1971.445062
498915.8395 2745684.271 1971.417568
498920.3371 2745675.391 1971.398408
498924.8022 2745666.494 1971.387581
498929.2353 2745657.581 1971.385087
498933.6375 2745648.65 1971.390926
498938.0097 2745639.703 1971.405099
498942.3528 2745630.741 1971.427606
498946.6678 2745621.763 1971.458445
498950.9557 2745612.771 1971.497619
498955.2173 2745603.765 1971.545126
498959.4536 2745594.746 1971.600966
498963.6657 2745585.714 1971.66514
498967.8543 2745576.669 1971.737648
498972.0206 2745567.612 1971.818491
498976.1655 2745558.544 1971.907667
498980.2899 2745549.465 1972.005178
498984.3948 2745540.376 1972.111024
498988.4813 2745531.277 1972.225204
498992.5502 2745522.169 1972.34772
498996.6027 2745513.052 1972.47857
499000.6396 2745503.926 1972.617757
499004.662 2745494.793 1972.765279
499008.6709 2745485.652 1972.921138
499012.6672 2745476.504 1973.085333
499016.6521 2745467.349 1973.257865
499020.6263 2745458.188 1973.438734
499024.5911 2745449.022 1973.627941
499028.5474 2745439.851 1973.825486
499032.4962 2745430.675 1974.031369
499036.4384 2745421.494 1974.245591
499040.3752 2745412.31 1974.468152
499044.3076 2745403.122 1974.699054
499048.2364 2745393.931 1974.938295
499052.1629 2745384.738 1975.185877
499056.0879 2745375.543 1975.4418
499060.0126 2745366.346 1975.7018
499063.9373 2745357.148 1975.9618
499067.862 2745347.951 1976.2218
499069.94 2745343.081 1976.359456
499097.1209 2745343.081 1976.636819
