499135.3654 2745298.081 1988.647247
499133.9689 2745300.987 1988.481252
499128.7206 2745306.902 1987.984357
499127.4263 2745309.067 1987.692393
499122.348 2745317.773 1986.596309
499117.3125 2745326.497 1985.531182
499112.0032 2745335.103 1984.267607
499106.259 2745343.525 1982.688835
499099.197 2745351.384 1980.154831
499093.7489 2745359.931 1978.790644
499088.1369 2745368.409 1977.307691
499082.6694 2745376.948 1975.92948
499082.6694 2745376.948 1975.929457
499086.5941 2745367.75 1976.189457
499090.5188 2745358.553 1976.449457
499094.4436 2745349.355 1976.709457
499098.3683 2745340.158 1976.969457
499102.293 2745330.96 1977.229457
499106.2178 2745321.762 1977.489457
499110.1425 2745312.565 1977.749457
499114.0673 2745303.367 1978.009457
499115.0484 2745301.068 1978.074457
499116.3229 2745298.081 1978.158885
499135.3654 2745298.081 1988.647247
