498876.163 2745810.554 1972.675031
498881.1222 2745801.817 1972.547527
498886.0494 2745793.063 1972.428358
498890.9446 2745784.291 1972.317525
498895.8077 2745775.501 1972.215025
498900.6387 2745766.693 1972.120861
498905.4374 2745757.868 1972.035031
498910.2039 2745749.025 1971.957535
498914.9381 2745740.165 1971.888373
498919.6398 2745731.287 1971.827544
498924.3091 2745722.393 1971.77505
498928.9459 2745713.481 1971.730889
498933.5501 2745704.553 1971.695062
498934.1233 2745703.435 1971.691169
498938.1216 2745695.607 1971.667568
498942.6604 2745686.646 1971.648408
498947.1665 2745677.667 1971.637581
498951.6395 2745668.673 1971.635087
498956.0802 2745659.665 1971.640926
498960.4894 2745650.642 1971.655099
498964.868 2745641.607 1971.677606
498969.2171 2745632.558 1971.708445
498973.5376 2745623.498 1971.747619
498977.8305 2745614.426 1971.795126
498982.0968 2745605.343 1971.850966
498986.3374 2745596.249 1971.91514
498990.5533 2745587.145 1971.987648
498994.7455 2745578.032 1972.068491
498998.915 2745568.91 1972.157667
499003.0628 2745559.78 1972.255178
499007.1899 2745550.642 1972.361024
499011.2972 2745541.496 1972.475204
499015.3859 2745532.344 1972.59772
499019.4568 2745523.185 1972.72857
499023.511 2745514.021 1972.867757
499027.5495 2745504.851 1973.015279
499031.5733 2745495.676 1973.171138
499032.577 2745493.381 1973.211405
499035.5834 2745486.496 1973.335333
499039.5808 2745477.313 1973.507865
499043.5666 2745468.126 1973.688734
499047.5417 2745458.935 1973.877941
499051.5072 2745449.743 1974.075486
499055.4641 2745440.548 1974.281369
499059.4134 2745431.351 1974.495591
499063.3561 2745422.153 1974.718152
499067.2933 2745412.954 1974.949054
499071.2259 2745403.754 1975.188295
499075.155 2745394.555 1975.435877
499079.0816 2745385.356 1975.6918
499082.6694 2745376.948 1975.929457
499083.5266 2745377.314 1975.308105
499079.9388 2745385.722 1975.070448
499077.0145 2745395.349 1974.087928
499074.771 2745405.269 1972.61818
499071.7129 2745414.844 1971.744431
499068.2833 2745424.263 1971.144792
499064.6804 2745433.61 1970.674759
499060.8758 2745442.874 1970.354359
499056.7772 2745452.013 1970.25
499053.8099 2745461.643 1969.325992
499051.3359 2745471.491 1968.044156
499051.6033 2745482.537 1964.768882
499048.8793 2745492.294 1963.665336
499048.4123 2745500.305 1963.049751
499047.6362 2745502.706 1962.865923
499043.9776 2745512.07 1962.475573
499040.1395 2745521.36 1962.195679
499036.272 2745530.641 1961.931928
499032.6508 2745540.037 1961.511272
499029.6267 2745549.706 1960.712896
499026.059 2745559.14 1960.25
499021.7449 2745568.242 1960.25
499017.4226 2745577.344 1960.25
499013.0912 2745586.444 1960.25
499008.7496 2745595.544 1960.25
499004.3968 2745604.641 1960.25
499000.0317 2745613.736 1960.25
498995.6534 2745622.828 1960.25
498991.2607 2745631.916 1960.25
498986.8527 2745641.001 1960.25
498982.4284 2745650.081 1960.25
498977.9866 2745659.157 1960.25
498973.5264 2745668.227 1960.25
498969.0467 2745677.292 1960.25
498964.5464 2745686.35 1960.25
498959.978 2745695.377 1960.280377
498954.2447 2745703.81 1961.04482
498947.4711 2745710.28 1961.690876
498946.7803 2745711.345 1961.780548
498940.8649 2745719.655 1962.782123
498934.3503 2745727.64 1964.221809
498929.1675 2745736.311 1964.646818
498923.5365 2745744.739 1965.39543
498918.1516 2745753.29 1965.944271
498912.7786 2745761.842 1966.469757
498906.7636 2745770.038 1967.46832
498900.9124 2745778.313 1968.329679
498895.8035 2745786.991 1968.611795
498890.7243 2745795.683 1968.855689
498885.7618 2745804.44 1968.994528
498880.7792 2745813.185 1969.132667
498876.163 2745810.554 1972.675031
