499069.086612 2745345.081000 1976.302924
499069.940000 2745343.081000 1976.359456
499097.120900 2745343.081000 1976.636819
499094.780900 2745348.565000 1976.481800
499090.856100 2745357.762000 1976.221800
499086.931400 2745366.960000 1975.961800
499083.006700 2745376.158000 1975.701800
499079.081600 2745385.356000 1975.441800
499075.155000 2745394.555000 1975.185877
499071.225900 2745403.754000 1974.938295
499067.293300 2745412.954000 1974.699054
499063.356100 2745422.153000 1974.468152
499059.413400 2745431.351000 1974.245591
499055.464100 2745440.548000 1974.031369
499051.507200 2745449.743000 1973.825486
499047.541700 2745458.935000 1973.627941
499043.566600 2745468.126000 1973.438734
499039.580800 2745477.313000 1973.257865
499035.583400 2745486.496000 1973.085333
499031.573300 2745495.676000 1972.921138
499027.549500 2745504.851000 1972.765279
499023.511000 2745514.021000 1972.617757
499019.456800 2745523.185000 1972.478570
499015.385900 2745532.344000 1972.347720
499011.297200 2745541.496000 1972.225204
499007.189900 2745550.642000 1972.111024
499003.062800 2745559.780000 1972.005178
498998.915000 2745568.910000 1971.907667
498994.745500 2745578.032000 1971.818491
498990.553300 2745587.145000 1971.737648
498986.337400 2745596.249000 1971.665140
498982.096800 2745605.343000 1971.600966
498977.830500 2745614.426000 1971.545126
498973.537600 2745623.498000 1971.497619
498969.217100 2745632.558000 1971.458445
498964.868000 2745641.607000 1971.427606
498960.489400 2745650.642000 1971.405099
498956.080200 2745659.665000 1971.390926
498951.639500 2745668.673000 1971.385087
498947.166500 2745677.667000 1971.387581
498942.660400 2745686.646000 1971.398408
498938.121600 2745695.607000 1971.417568
498933.550100 2745704.553000 1971.445062
498928.945900 2745713.481000 1971.480889
498924.309100 2745722.393000 1971.525050
498919.639800 2745731.287000 1971.577533
498914.938100 2745740.165000 1971.638373
498910.203900 2745749.025000 1971.707524
498905.437400 2745757.868000 1971.785031
498900.638700 2745766.693000 1971.870861
498895.807700 2745775.501000 1971.965025
498890.944600 2745784.291000 1972.067525
498886.049400 2745793.063000 1972.178358
498881.122200 2745801.817000 1972.297527
498876.163000 2745810.554000 1972.425023
498871.171900 2745819.272000 1972.560863
498866.149100 2745827.971000 1972.705039
498861.094500 2745836.653000 1972.857551
498856.008200 2745845.316000 1973.018399
498850.890300 2745853.960000 1973.187584
498845.740900 2745862.585000 1973.365106
498840.559900 2745871.192000 1973.550965
498835.347600 2745879.779000 1973.745163
498830.104000 2745888.348000 1973.947698
498824.829000 2745896.897000 1974.158573
498819.522900 2745905.427000 1974.377786
498814.185600 2745913.938000 1974.605339
498808.817300 2745922.429000 1974.841232
498803.418000 2745930.900000 1975.085466
498797.987800 2745939.352000 1975.338040
498792.526800 2745947.783000 1975.598957
498787.035000 2745956.195000 1975.868215
498781.512500 2745964.586000 1976.145816
498775.959400 2745972.958000 1976.431759
498770.375700 2745981.308000 1976.719386
498764.761600 2745989.639000 1977.002059
498759.117100 2745997.949000 1977.279779
498753.442200 2746006.238000 1977.552546
498747.737100 2746014.507000 1977.820359
498742.001800 2746022.754000 1978.083219
498736.236500 2746030.981000 1978.341126
498730.441100 2746039.186000 1978.594081
498724.615800 2746047.370000 1978.842082
498718.760700 2746055.533000 1979.085132
498712.875700 2746063.675000 1979.323229
498706.961100 2746071.794000 1979.556374
498701.016800 2746079.893000 1979.784568
498695.043000 2746087.969000 1980.007809
498689.039700 2746096.024000 1980.226100
498683.007000 2746104.056000 1980.439439
498676.945000 2746112.067000 1980.647826
498673.121600 2746117.081000 1980.775524
498641.586900 2746117.081000 1981.156150
498644.936900 2746112.753000 1981.049749
498651.001600 2746104.860000 1980.851263
498657.037500 2746096.944000 1980.647826
498663.044300 2746089.007000 1980.439439
498669.022100 2746081.047000 1980.226100
498674.970800 2746073.066000 1980.007809
498680.890400 2746065.063000 1979.784568
498686.780600 2746057.038000 1979.556374
498692.641500 2746048.992000 1979.323229
498698.472900 2746040.925000 1979.085132
498704.274800 2746032.836000 1978.842082
498710.047200 2746024.726000 1978.594081
498715.789900 2746016.595000 1978.341126
498721.502800 2746008.444000 1978.083219
498727.185900 2746000.271000 1977.820359
498732.839100 2745992.078000 1977.552546
498738.462400 2745983.864000 1977.279779
498744.055600 2745975.630000 1977.002059
498749.618700 2745967.375000 1976.719386
498755.151600 2745959.100000 1976.431759
498760.654200 2745950.805000 1976.145816
498766.126500 2745942.489000 1975.868215
498771.568400 2745934.154000 1975.598957
498776.979800 2745925.799000 1975.338040
498782.360600 2745917.425000 1975.085466
498787.710800 2745909.030000 1974.841232
498793.030300 2745900.617000 1974.605339
498798.319100 2745892.183000 1974.377786
498803.577000 2745883.731000 1974.158573
498808.803900 2745875.259000 1973.947698
498813.999900 2745866.769000 1973.745163
498819.164900 2745858.259000 1973.550965
498824.298700 2745849.731000 1973.365106
498829.401300 2745841.184000 1973.187584
498834.472700 2745832.618000 1973.018399
498839.512700 2745824.034000 1972.857551
498844.521400 2745815.432000 1972.705039
498849.498500 2745806.811000 1972.560863
498854.444200 2745798.172000 1972.425023
498859.358300 2745789.515000 1972.297519
498864.240700 2745780.841000 1972.178354
498869.091400 2745772.148000 1972.067520
498873.910300 2745763.438000 1971.965016
498878.697300 2745754.710000 1971.870851
498883.452500 2745745.965000 1971.785020
498888.175600 2745737.203000 1971.707524
498892.866700 2745728.423000 1971.638362
498897.525700 2745719.626000 1971.577533
498902.152600 2745710.813000 1971.525044
498906.747200 2745701.982000 1971.480877
498911.309500 2745693.135000 1971.445049
498915.839500 2745684.271000 1971.417555
498920.337000 2745675.391000 1971.398394
498924.802100 2745666.494000 1971.387567
498929.234700 2745657.581000 1971.385073
498933.634600 2745648.652000 1971.390912
498938.001900 2745639.707000 1971.405085
498942.336500 2745630.746000 1971.427591
498946.638400 2745621.769000 1971.458430
498950.907400 2745612.777000 1971.497603
498955.143500 2745603.769000 1971.545110
498959.346700 2745594.745000 1971.600950
498963.517000 2745585.706000 1971.665124
498967.655000 2745576.652000 1971.737631
498971.761800 2745567.581000 1971.818473
498975.838500 2745558.495000 1971.907650
498979.886200 2745549.395000 1972.005160
498983.905900 2745540.281000 1972.111005
498987.898500 2745531.153000 1972.225185
498991.865200 2745522.012000 1972.347700
498995.807100 2745512.859000 1972.478551
498999.725100 2745503.694000 1972.617737
499003.620300 2745494.517000 1972.765259
499007.493900 2745485.330000 1972.921117
499011.346900 2745476.132000 1973.085312
499015.180300 2745466.925000 1973.257844
499018.995300 2745457.709000 1973.438712
499022.792800 2745448.483000 1973.627919
499026.574100 2745439.250000 1973.825463
499030.340200 2745430.008000 1974.031346
499034.092200 2745420.759000 1974.245568
499037.831100 2745411.503000 1974.468129
499041.558200 2745402.241000 1974.699030
499045.274400 2745392.973000 1974.938271
499048.980900 2745383.700000 1975.185853
499052.678800 2745374.421000 1975.441775
499056.369200 2745365.138000 1975.701774
499060.053200 2745355.850000 1975.961774
499063.731900 2745346.559000 1976.221773
499064.316300 2745345.081000 1976.263124