498646.34853231208 2746110.9158087391 1981.2535472887082
498652.49832514458 2746102.8970655170 1981.0508623428577
498658.52714260877 2746094.9756818633 1980.8461925317533
498664.45482091140 2746087.1287594344 1980.6391085387054
498670.36955974996 2746079.2391972421 1980.4266334738120
498676.46082412434 2746071.0515626958 1980.2016749201741
498682.36300018709 2746063.0566816237 1979.9775698390101
498688.09484092315 2746055.2337749721 1979.7540637235295
498693.94444513740 2746047.1895411699 1979.5199953499725
498699.89599343081 2746038.9409253411 1979.2755533276793
498705.58920297393 2746030.9893143722 1979.0355903695875
498711.35252591834 2746022.8778092461 1978.7865600870509
498717.15650547890 2746014.6451669452 1978.5294478069345
498722.88082083833 2746006.4622357674 1978.2695105159114
498728.46375585860 2745998.4190448155 1978.0097953893974
498734.12538426497 2745990.1991141229 1977.7401378030033
498739.81537049997 2745981.8722315854 1977.4626291833879
498745.47118560231 2745973.5294339224 1977.1802015090075
498750.96924601373 2745965.3551246608 1976.8992139117893
498756.42784849880 2745957.1760947010 1976.6150033952961
498761.95218264713 2745948.8325160914 1976.3299619346692
498767.28317799262 2745940.7173924609 1976.0610636440565
498772.78816069127 2745932.2707349346 1975.7901757791572
498778.21325122821 2745923.8794117258 1975.5301587161373
498783.64568229066 2745915.4085770943 1975.2767795466059
498788.88405054749 2745907.1744577768 1975.0392554715957
498794.26197726058 2745898.6528557679 1974.8023504499956
498799.46541539521 2745890.3403141904 1974.5800508486875
498804.79774856503 2745881.7523545614 1974.3593239603697
498809.95843619556 2745873.3725465164 1974.1527399538495
498815.24384031293 2745864.7194487774 1973.9483648060370
498820.35069211293 2745856.2892241734 1973.7580448398373
498825.49463535199 2745847.7277743006 1973.5734942331892
498830.58974306210 2745839.1766246655 1973.3979353590064
498835.60187774955 2745830.6948131341 1973.2324002693811
498840.68884600204 2745822.0140730911 1973.0717331004985
498845.73218706390 2745813.3347555650 1972.9199274746047
498847.46690000000 2745794.1949999998 1967.3207359999999
498847.54480014130 2745794.2394017628 1967.3805147624084
498848.25402812520 2745792.6165197976 1967.2349716723734
498850.64164504438 2745804.8141886210 1972.7794757392949
498853.05261751602 2745782.9506837502 1966.7060506020634
498854.44420000003 2745798.1719999998 1972.4250230000000
498854.44429999997 2745798.1719999998 1972.6750310000000
498855.53769484453 2745796.2456279541 1972.6466945271059
498860.05222233804 2745769.5986310882 1966.2510425183177
498860.42023344355 2745787.6283846698 1972.5216636860325
498864.24070000002 2745780.8410000000 1972.1783499999999
498865.42858292133 2745778.7121801935 1972.4011624891875
498866.93311739806 2745756.5940996502 1965.9175093819540
498867.76948522410 2745774.5170199657 1972.3476964683985
498868.86357811361 2745752.3006649395 1965.6248338622379
498869.09139999998 2745772.1480000000 1972.0675150000000
498870.19019148219 2745770.1619712776 1972.2941664124762
498870.86195888149 2745747.3582377392 1965.1669779172353
498872.64825650689 2745765.7191012525 1972.2418741101726
498873.91029999999 2745763.4380000001 1971.9650160000001
498875.04409434914 2745761.3707852354 1972.1927000870505
498877.04978284007 2745732.6274422556 1963.9908101623289
498879.05521317432 2745728.1008027191 1963.7092627223085
498879.81358176575 2745752.6571138874 1972.1006993453841
498880.61295576097 2745724.5123084285 1963.4704930719349
498881.57871842163 2745722.2732285052 1963.3183043249251
498883.45250000001 2745745.9649999999 1971.7850200000000
498884.56907701580 2745743.8935960890 1972.0166893574044
498886.92091728933 2745709.0059218588 1962.2532038193522
498889.26562657044 2745735.1628743815 1971.9414593067977
498890.99128635786 2745699.8821137249 1961.7869408634813
498891.13759475952 2745699.5526636308 1961.7701945801489
498891.16720000003 2745699.4860000000 1961.7668060000001
498893.93043398805 2745726.4144857498 1971.8744965172916
498894.38325024419 2745686.7588334763 1961.1504124056282
498895.63079129450 2745683.7992472677 1961.0006249243777
498897.99275201140 2745678.1398676801 1960.7137498537065
498898.61120708892 2745717.5584009653 1971.8152143281491
498902.04677839007 2745668.7532995096 1960.3294636135847
498902.15259999997 2745710.8130000001 1971.5250380000000
498903.23900293984 2745708.7248912719 1971.7645852491939
498906.20285879209 2745660.2290230463 1960.2500000000002
498906.74719999998 2745701.9819999998 1971.4808770000000
498907.76891695039 2745700.0007340023 1971.7228342959206
498908.47639810963 2745655.6937510050 1960.2500000000000
498910.60829047830 2745651.4120634040 1960.2500000000002
498912.41341302969 2745690.9749370650 1971.6883068238835
498912.96149990283 2745646.6570096631 1960.2500000000005
498914.78888342477 2745642.9403400077 1960.2499999999998
498915.83950000000 2745684.2710000002 1971.4175550000000
498916.88919356541 2745682.1984532829 1971.6630847185343
498917.67304236529 2745637.0365269580 1960.2500000000000
498918.66245198075 2745634.9989549485 1960.2499999999998
498921.37332351319 2745673.3260584986 1971.6458890412769
498925.86007944192 2745664.3666321421 1971.6369502712798
498930.26519494120 2745655.4897503508 1971.6364391769625
498934.67628891655 2745646.5184375336 1971.6442714247703
498939.01221438387 2745637.6183580966 1971.6603333361481
498943.36790878879 2745628.5937052704 1971.6849575554734
498947.66729158483 2745619.6017961744 1971.7178386450678
498951.97927513835 2745610.4976743828 1971.7595350793702
498956.16955760104 2745601.5661203386 1971.8086927530765
498960.27182955819 2745592.7398094679 1971.8652410876871
498964.44043204951 2745583.6855181786 1971.9313561179019
498968.67135738983 2745574.4070945056 1972.0075758419057
498972.67975572194 2745565.5350938281 1972.0885945269449
498976.73973969789 2745556.4688416258 1972.1794140453826
498980.83970334608 2745547.2330900328 1972.2802522740703
498984.90624057385 2745537.9939918453 1972.3895346783152
498988.87343562575 2745528.9063247903 1972.5052401549619
498992.84370523482 2745519.7399336323 1972.6301110367031
498996.75950222614 2745510.6311372123 1972.7623416900831
499000.67613600532 2745501.4533814387 1972.9037051593975
499004.49094209855 2745492.4521019827 1973.0503352275005
499008.06274846202 2745483.9720274713 1973.1954146140636
499012.24823479669 2745473.9671882214 1973.3758761819097
499016.06593264727 2745464.7855529548 1973.5498415569027
499019.92109020852 2745455.4597990876 1973.7347920928507
499023.62585124699 2745446.4488947550 1973.9215051049389
499027.54843656527 2745436.8589805006 1974.1286090032493
499031.26470500400 2745427.7290163161 1974.3340718025077
499034.98205134738 2745418.5560889645 1974.5485206265548
499038.68244347110 2745409.3873757268 1974.7708980536897
499042.48161229276 2745399.9380601342 1975.0084112584395
499045.34157140908 2745392.8017780036 1973.1152542172545
499045.34570897132 2745392.7945977096 1973.1161058429518
499046.08843426988 2745390.9364318675 1975.2427144074322
499049.84707155457 2745381.5265486212 1975.4957984928958
499053.49143395410 2745372.3768635932 1975.7493115470563
499091.19850000000 2745345.0809999998 1976.5200609999999
