498928.0256 2745660.012 1971.635727
498930.2652 2745655.49 1971.636439
498925.8601 2745664.367 1971.63695
498932.4644 2745651.027 1971.63936
498923.6198 2745668.85 1971.640439
498934.6763 2745646.518 1971.644271
498921.3733 2745673.326 1971.645889
498936.8168 2745642.134 1971.651218
498919.1456 2745677.743 1971.653475
498939.0122 2745637.618 1971.660333
498916.8892 2745682.198 1971.663085
498941.1833 2745633.13 1971.671603
498914.6065 2745686.684 1971.675015
498943.3679 2745628.594 1971.684958
498912.4134 2745690.975 1971.688307
498945.459 2745624.23 1971.699943
498910.0464 2745695.584 1971.704927
498947.6673 2745619.602 1971.717839
498907.7689 2745700.001 1971.722834
498949.7089 2745615.301 1971.736547
498905.7315 2745703.934 1971.740635
498951.9793 2745610.498 1971.759535
498903.239 2745708.725 1971.764585
498953.9293 2745606.351 1971.781408
498900.8801 2745713.237 1971.789442
498956.1696 2745601.566 1971.808693
498898.6112 2745717.558 1971.815214
498958.2352 2745597.131 1971.83619
498896.3132 2745721.915 1971.843385
498960.2718 2745592.74 1971.865241
498893.9304 2745726.414 1971.874497
498962.4884 2745587.935 1971.899375
498891.6492 2745730.702 1971.906335
498964.4404 2745583.686 1971.931356
498889.2656 2745735.163 1971.941459
498966.5576 2745579.053 1971.968408
498886.9033 2745739.563 1971.978388
498968.6714 2745574.407 1972.007576
498884.5691 2745743.894 1972.016689
498970.6581 2745570.019 1972.046736
498882.1747 2745748.315 1972.058075
498972.6798 2745565.535 1972.088595
498879.8136 2745752.657 1972.100699
498974.8445 2745560.71 1972.135998
498877.4126 2745757.052 1972.146115
498976.7397 2745556.469 1972.179414
498875.0441 2745761.371 1972.1927
498978.8441 2745551.738 1972.230091
498872.6483 2745765.719 1972.241874
498980.8397 2745547.233 1972.280252
498870.1902 2745770.162 1972.294166
498982.8036 2745542.78 1972.331946
498867.7695 2745774.517 1972.347696
498984.9062 2745537.994 1972.389535
498865.4286 2745778.712 1972.401162
498986.789 2745533.69 1972.443405
498862.9548 2745783.125 1972.459744
498988.8734 2745528.906 1972.50524
498860.4202 2745787.628 1972.521664
498990.7841 2745524.503 1972.56428
498858.142 2745791.658 1972.579141
498992.8437 2745519.74 1972.630111
498855.5377 2745796.246 1972.646695
498994.7104 2745515.406 1972.692091
498853.1652 2745800.406 1972.710179
498996.7595 2745510.631 1972.762342
498850.6416 2745804.814 1972.779476
498998.6675 2745506.168 1972.830148
498848.1603 2745809.129 1972.849618
499000.6761 2745501.453 1972.903705
498845.7322 2745813.335 1972.919927
499002.61 2745496.897 1972.977023
498843.1329 2745817.817 1972.997279
499004.4909 2745492.452 1973.050335
498840.6888 2745822.014 1973.071733
498838.2166 2745826.242 1973.148947
499007.1081 2745486.245 1973.155658
499008.0627 2745483.972 1973.195415
498835.6019 2745830.695 1973.2324
499010.3946 2745478.405 1973.294814
498833.1504 2745834.851 1973.312529
499012.2482 2745473.967 1973.375876
498830.5897 2745839.177 1973.397935
499014.1688 2745469.354 1973.46233
498828.0372 2745843.469 1973.485036
499016.0659 2745464.786 1973.549842
498825.4946 2745847.728 1973.573494
499017.9845 2745460.151 1973.640794
498822.939 2745851.99 1973.664332
499019.9211 2745455.46 1973.734792
498820.3507 2745856.289 1973.758045
499021.8428 2745450.791 1973.83065
498817.7749 2745860.549 1973.853215
499023.6259 2745446.449 1973.921505
498815.2438 2745864.719 1973.948365
499025.5758 2745441.688 1974.023315
498812.627 2745869.012 1974.048684
499027.5484 2745436.859 1974.128609
498809.9584 2745873.373 1974.15274
499029.2826 2745432.603 1974.223463
498807.4553 2745877.445 1974.252134
499031.2647 2745427.729 1974.334072
498804.7977 2745881.752 1974.359324
499033.0917 2745423.225 1974.438441
498802.2178 2745885.916 1974.465262
499034.9821 2745418.556 1974.548521
498799.4654 2745890.34 1974.580051
499036.9018 2745413.804 1974.662885
498796.9798 2745894.319 1974.685452
499038.6824 2745409.387 1974.770898
498794.262 2745898.653 1974.80235
499040.5894 2745404.649 1974.889033
498791.6401 2745902.816 1974.917007
499042.4816 2745399.938 1975.008411
498788.8841 2745907.174 1975.039255
499044.3222 2745395.348 1975.127009
498786.3256 2745911.204 1975.154491
499046.0884 2745390.936 1975.242714
498783.6457 2745915.409 1975.27678
499048.0805 2745385.953 1975.375805
498780.9033 2745919.693 1975.403854
499049.8471 2745381.527 1975.495798
498778.2133 2745923.879 1975.530159
499051.8089 2745376.604 1975.631416
498775.5761 2745927.966 1975.65574
499053.4914 2745372.377 1975.749312
498772.7882 2745932.271 1975.790176
499054.4633 2745369.934 1975.817382
498770.2297 2745936.204 1975.915258
498767.2832 2745940.717 1976.061064
498764.7261 2745944.617 1976.189291
498761.9522 2745948.833 1976.329962
498759.1884 2745953.015 1976.471989
499091.1985 2745345.081 1976.520061
498756.4278 2745957.176 1976.615003
498753.6491 2745961.347 1976.76026
498750.9692 2745965.355 1976.899214
498748.0354 2745969.724 1977.049891
498745.4712 2745973.529 1977.180202
498742.4566 2745977.984 1977.331515
498739.8154 2745981.872 1977.462629
498736.9786 2745986.031 1977.601748
498622.6685 2746131.081 1977.639699
498734.1254 2745990.199 1977.740138
498731.3725 2745994.204 1977.872006
498728.4638 2745998.419 1978.009795
498725.6927 2746002.418 1978.139413
498722.8808 2746006.462 1978.269511
498719.8922 2746010.742 1978.405973
498717.1565 2746014.645 1978.529448
498714.2849 2746018.726 1978.657403
498711.3525 2746022.878 1978.78656
498708.572 2746026.799 1978.907426
498705.5892 2746030.989 1979.03559
498702.6896 2746035.046 1979.158508
498699.896 2746038.941 1979.275553
498696.9175 2746043.077 1979.398642
498693.9444 2746047.19 1979.519995
498691.1687 2746051.014 1979.631775
498688.0948 2746055.234 1979.754064
498685.1932 2746059.201 1979.867884
498682.363 2746063.057 1979.97757
498679.1664 2746067.394 1980.099652
498676.4608 2746071.052 1980.201675
498673.3571 2746075.231 1980.317043
498670.3696 2746079.239 1980.426633
498667.498 2746083.077 1980.530465
498664.4548 2746087.129 1980.639109
498661.3398 2746091.259 1980.748621
498658.5271 2746094.976 1980.846193
498655.3528 2746099.153 1980.954643
498652.4983 2746102.897 1981.050862
498641.5869 2746117.081 1981.15615
498649.3217 2746107.046 1981.156274
498646.3485 2746110.916 1981.253547
498643.3063 2746114.86 1981.351543
