0
499063.07077 2745330.08100 1982.88764
499063.13330 2745329.61600 1984.55874
499063.94280 2745320.44800 1986.68865
499061.77910 2745318.16600 1987.28466
499060.55430 2745309.08100 1990.17058
499084.44820 2745309.08100 1977.57057
499081.60160 2745315.75200 1977.38200
499077.67680 2745324.95000 1977.12200
499077.18630 2745326.09900 1977.08950
499073.75210 2745334.14700 1976.86200
499069.94005 2745343.08100 1976.48446
499091.98805 2745343.08100 1976.70519
499093.67650 2745338.80600 1976.94538
499097.34840 2745329.50200 1977.20538
499101.01810 2745320.19800 1977.46538
499102.24740 2745317.08100 1977.55250
499108.21536 2745317.08100 1979.46621
499110.14250 2745312.56500 1977.74946
499114.06730 2745303.36700 1978.00946
499115.04840 2745301.06800 1978.07446
499116.32290 2745298.08100 1978.15889
499135.36540 2745298.08100 1988.64725
499133.96890 2745300.98700 1988.48125
499128.72060 2745306.90200 1987.98436
499127.42630 2745309.06700 1987.69239
499122.34800 2745317.77300 1986.59631
499117.31250 2745326.49700 1985.53118
499112.00320 2745335.10300 1984.26761
499106.25900 2745343.52500 1982.68883
499099.19700 2745351.38400 1980.15483
499093.74890 2745359.93100 1978.79064
499088.13690 2745368.40900 1977.30769
499082.66994 2745376.94716 1975.80454
499082.66955 2745376.94807 1975.86693
499083.52660 2745377.31400 1975.30811
499079.93880 2745385.72200 1975.07045
499077.01450 2745395.34900 1974.08793
499074.77100 2745405.26900 1972.61818
499071.71290 2745414.84400 1971.74443
499068.28330 2745424.26300 1971.14479
499064.68040 2745433.61000 1970.67476
499060.87580 2745442.87400 1970.35436
499056.77720 2745452.01300 1970.25000
499053.80990 2745461.64300 1969.32599
499051.33590 2745471.49100 1968.04416
499051.60330 2745482.53700 1964.76888
499048.87930 2745492.29400 1963.66534
499048.41230 2745500.30500 1963.04975
499047.63620 2745502.70600 1962.86592
499043.97760 2745512.07000 1962.47557
499040.13950 2745521.36000 1962.19568
499036.27200 2745530.64100 1961.93193
499032.65080 2745540.03700 1961.51127
499029.62670 2745549.70600 1960.71290
499026.05900 2745559.14000 1960.25000
499021.74490 2745568.24200 1960.25000
499017.42260 2745577.34400 1960.25000
499013.09120 2745586.44400 1960.25000
499008.74960 2745595.54400 1960.25000
499004.39680 2745604.64100 1960.25000
499000.03170 2745613.73600 1960.25000
498995.65340 2745622.82800 1960.25000
498991.26070 2745631.91600 1960.25000
498986.85270 2745641.00100 1960.25000
498982.42840 2745650.08100 1960.25000
498977.98660 2745659.15700 1960.25000
498973.52640 2745668.22700 1960.25000
498970.93866 2745673.46348 1960.25000
498970.04490 2745675.27500 1960.25000
498969.68872 2745675.99283 1960.25000
498969.04670 2745677.29200 1960.25000
498967.00762 2745681.39616 1960.25000
498965.54840 2745684.33700 1960.25000
498965.09440 2745685.24701 1960.25000
498964.54640 2745686.35000 1960.25000
498964.38609 2745686.66677 1960.25053
498961.03190 2745693.39000 1960.25000
498960.80681 2745693.73930 1960.27516
498959.97800 2745695.37700 1960.28038
498955.63507 2745701.76493 1960.85998
498955.52290 2745701.93900 1960.87321
498949.77600 2745710.35700 1961.63859
498945.25040 2745713.71200 1961.97516
498942.39250 2745717.91900 1962.40078
498940.19295 2745720.47862 1962.93005
498934.96511 2745726.88642 1964.08581
498930.39030 2745734.42200 1964.50013
498929.52402 2745735.71452 1964.61732
498929.16750 2745736.31100 1964.64682
498923.74893 2745744.42105 1965.36665
498920.40426 2745749.71286 1965.71493
498919.16653 2745751.67833 1965.84121
498914.04790 2745759.98200 1966.29719
498913.24384 2745761.10149 1966.42400
498912.77860 2745761.84200 1966.46976
498909.65663 2745766.09597 1966.98820
498908.12390 2745768.23000 1967.22961
498906.47697 2745770.44336 1967.50984
498900.94444 2745778.26768 1968.32418
498898.78965 2745781.91872 1968.44682
498895.80350 2745786.99100 1968.61180
498891.01317 2745795.18865 1968.84145
498886.86640 2745802.49500 1968.96373
498886.30982 2745803.47295 1968.97919
498885.76180 2745804.44000 1968.99453
498883.63654 2745808.17006 1969.05345
498881.88820 2745811.24200 1969.10202
498881.74863 2745811.48355 1969.10621
498880.77920 2745813.18500 1969.13267
498880.76889 2745813.17912 1969.13979
498876.85250 2745819.95700 1969.26841
498871.71150 2745828.61100 1969.49976
498866.68430 2745837.33000 1969.62746
498861.45560 2745845.93100 1969.89462
498856.12440 2745854.47000 1970.22561
498851.23740 2745863.27300 1970.19589
498846.47360 2745872.15200 1970.05310
498841.25190 2745880.75800 1970.25000
498836.26120 2745889.50600 1970.25000
498831.24870 2745898.24200 1970.25000
498826.21300 2745906.96700 1970.25104
498820.78920 2745915.45100 1970.54040
498815.01290 2745923.71100 1971.09205
498809.04290 2745931.84400 1971.78215
498803.21220 2745940.06000 1972.34765
498797.76990 2745948.52500 1972.58977
498792.35850 2745957.01000 1972.79092
498786.85610 2745965.43600 1973.04819
498781.19690 2745973.75900 1973.41469
498775.42250 2745982.00300 1973.85383
498769.55630 2745990.18300 1974.33827
498763.78300 2745998.42400 1974.71934
498758.07640 2746006.71000 1975.01743
498752.36700 2746014.99400 1975.28843
498746.60670 2746023.24200 1975.57129
498740.82040 2746031.47200 1975.84583
498734.99070 2746039.67100 1976.12647
498728.96000 2746047.72700 1976.54225
498722.74660 2746055.64900 1977.07943
498716.49760 2746063.54100 1977.61795
498710.19260 2746071.38900 1978.17479
498703.41590 2746078.88600 1979.09419
498696.47360 2746086.25000 1980.12527
498690.59040 2746094.39500 1980.25000
498684.82060 2746102.62700 1980.25000
498679.01430 2746110.83400 1980.25000
498673.17130 2746119.01600 1980.25000
498667.44000 2746127.28700 1980.12549
498663.36530 2746136.84800 1978.57185
498657.78820 2746145.25900 1978.25000
498657.17900 2746146.08100 1978.25000
498650.67920 2746146.08100 1981.73280
498653.78140 2746142.12700 1981.64038
498659.95330 2746134.20100 1981.45070
498666.09620 2746126.25200 1981.25606
498672.21010 2746118.28100 1981.05648
498674.30522 2746115.52880 1980.86102
498673.12160 2746117.08100 1980.77552
498641.59198 2746117.08100 1981.28138
498635.58820 2746124.80600 1981.59428
498630.67380 2746131.08100 1981.74318
498622.66850 2746131.08100 1977.63970
498623.90790 2746128.28600 1977.08004
498629.26780 2746119.87400 1976.25000
498635.58500 2746112.21300 1976.25000
498641.88070 2746104.53300 1976.25000
498649.06320 2746097.52600 1977.01157
498659.19150 2746092.73600 1980.25000
498665.43570 2746084.98000 1980.25000
498671.38370 2746077.00100 1980.02183
498675.85770 2746067.93000 1978.59050
498681.11150 2746059.44900 1977.82993
498686.71510 2746051.23000 1977.37993
498692.21320 2746042.93700 1976.86343
498697.63550 2746034.59400 1976.30545
498703.33790 2746026.45400 1975.99757
498709.06820 2746018.33400 1975.73194
498714.77730 2746010.20000 1975.46836
498720.46240 2746002.04900 1975.20454
498726.12340 2745993.88100 1974.94031
498731.76020 2745985.69600 1974.67574
498737.37280 2745977.49500 1974.41091
498743.09090 2745969.36500 1974.25000
498748.87960 2745961.28000 1974.16426
498753.35190 2745952.31800 1973.04501
498757.49370 2745943.15000 1971.69662
498762.37520 2745934.47900 1970.97475
498767.94810 2745926.26200 1970.83672
498773.47040 2745918.01000 1970.69040
498778.66880 2745909.55000 1970.31997
498784.20620 2745901.30600 1970.25000
498789.79230 2745893.09000 1970.25000
498795.33840 2745884.84600 1970.25000
498800.84440 2745876.57400 1970.25000
498806.30730 2745868.27300 1970.24786
498810.15640 2745858.98900 1969.01870
498814.54970 2745850.04600 1968.25000
498819.88790 2745841.67400 1968.25000
498825.18520 2745833.27600 1968.25000
498830.44150 2745824.85200 1968.25000
498835.65660 2745816.40100 1968.25000
498840.83040 2745807.92400 1968.25000
498845.41670 2745799.10900 1967.83048
498847.54480 2745794.23940 1967.38259
498847.46690 2745794.19500 1967.32074
498848.25403 2745792.61652 1967.23553
498849.41410 2745789.96200 1966.99306
498853.05262 2745782.95068 1966.70586
498856.27180 2745776.37500 1966.33830
498860.05222 2745769.59863 1966.25149
498863.32180 2745763.63400 1966.15220
498866.93312 2745756.59410 1965.91724
498868.86358 2745752.30066 1965.62489
498870.86196 2745747.35824 1965.16673
498873.34900 2745740.49500 1964.37562
498877.04978 2745732.62744 1963.99177
498879.05521 2745728.10080 1963.70797
498880.61296 2745724.51231 1963.47071
498881.57872 2745722.27323 1963.32020
498885.09920 2745713.07400 1962.46202
498886.92092 2745709.00592 1962.25141
498886.98790 2745708.83400 1962.23460
498890.99129 2745699.88211 1961.78690
498891.13759 2745699.55266 1961.77019
498891.16721 2745699.48577 1961.76679
498891.31830 2745693.99000 1961.51607
498894.38325 2745686.75883 1961.15077
498895.63079 2745683.79925 1961.00152
498897.99275 2745678.13987 1960.71377
498900.76290 2745671.41400 1960.36414
498902.04678 2745668.75330 1960.32975
498902.97200 2745666.63600 1960.25000
498906.20286 2745660.22902 1960.25000
498908.47640 2745655.69375 1960.25000
498910.60829 2745651.41206 1960.25000
498912.96150 2745646.65701 1960.25000
498914.78888 2745642.94034 1960.25000
498917.67304 2745637.03653 1960.25000
498918.66245 2745634.99895 1960.25000
498922.50220 2745627.03500 1960.25000
498926.74890 2745618.11100 1960.25000
498930.94980 2745609.16500 1960.25000
498935.10470 2745600.19800 1960.25000
498939.21340 2745591.21000 1960.25000
498943.27600 2745582.20100 1960.25000
498947.29260 2745573.17000 1960.25000
498951.26510 2745564.11700 1960.25000
498955.19440 2745555.04000 1960.25000
498959.08160 2745545.94200 1960.25000
498962.92760 2745536.82200 1960.25000
498966.73350 2745527.68100 1960.25000
498970.50020 2745518.52100 1960.25000
498974.22870 2745509.34000 1960.25000
498977.92010 2745500.14100 1960.25000
498983.07210 2745491.55800 1961.17910
498988.73290 2745483.17800 1962.44359
498990.36660 2745481.17300 1962.89817
498997.00550 2745475.87900 1964.36129
499003.57500 2745467.84300 1966.50594
499009.82430 2745459.65900 1968.43784
499015.02690 2745451.02900 1969.63316
499019.72130 2745442.18300 1970.48103
499023.71070 2745433.04300 1970.83994
499027.67540 2745423.88900 1971.19962
499031.61640 2745414.72400 1971.56004
499035.53500 2745405.54600 1971.92132
499039.43570 2745396.35900 1972.28603
499045.01740 2745387.84000 1973.87309
499049.81460 2745379.00300 1974.91088
499054.39170 2745370.07400 1975.80336
499054.46006 2745369.94033 1975.69201
499056.36920 2745365.13800 1975.70177
499058.14983 2745360.64873 1975.95268
499056.68490 2745360.06800 1977.12862
499058.14820 2745349.90100 1978.97870
499057.30440 2745338.82400 1982.47865
499058.39040 2745330.08100 1984.16910
499063.07077 2745330.08100 1982.88764
hole 0
499072.42677 2745400.94246 1974.67068
499075.15500 2745394.55500 1975.43588
499072.42677 2745400.94246 1974.07740
499072.42677 2745400.94246 1974.67068
hole 1
499088.56650 2745363.12795 1976.19512
499090.51880 2745358.55300 1976.44946
499092.43871 2745354.05359 1977.25327
499092.43854 2745354.05387 1977.92974
499090.85610 2745357.76200 1976.22180
499088.56650 2745363.12795 1976.19512
hole 2
499069.08661 2745345.08100 1976.30582
499069.45283 2745344.22273 1976.45301
499069.08657 2745345.08100 1976.42937
499069.08661 2745345.08100 1976.30582
hole 3
498677.68940 2746111.08327 1980.74726
498678.29480 2746110.28800 1980.85194
498680.59180 2746107.24772 1980.64747
498677.68940 2746111.08327 1980.74726
hole 4
498683.64909 2746103.20111 1980.54172
498684.35030 2746102.27300 1980.64245
498686.58501 2746099.29220 1980.43792
498683.64909 2746103.20111 1980.54172
hole 5
498689.80239 2746095.00065 1980.32340
498690.37640 2746094.23500 1980.42801
498692.51337 2746091.36316 1980.22481
498689.80239 2746095.00065 1980.32340
hole 6
498695.71212 2746087.06441 1980.10781
498696.37320 2746086.17600 1980.20862
498698.64554 2746083.09871 1979.99819
498695.71212 2746087.06441 1980.10781
hole 7
498701.68780 2746078.97877 1979.88381
498702.34040 2746078.09500 1979.98428
498704.79949 2746074.73915 1979.76434
498701.68780 2746078.97877 1979.88381
hole 8
498707.54975 2746070.98595 1979.65814
498708.27810 2746069.99200 1979.75499
498710.59511 2746066.80558 1979.53812
498707.54975 2746070.98595 1979.65814
hole 9
498713.57081 2746062.71330 1979.42012
498714.18620 2746061.86700 1979.52074
498716.44527 2746058.73644 1979.30381
498713.57081 2746062.71330 1979.42012
hole 10
498719.38336 2746054.66491 1979.18427
498720.06450 2746053.72100 1979.28154
498722.44260 2746050.39981 1979.05728
498719.38336 2746054.66491 1979.18427
hole 11
498725.24287 2746046.48903 1978.94038
498725.91310 2746045.55300 1979.03739
498728.16773 2746042.37987 1978.81587
498725.24287 2746046.48903 1978.94038
hole 12
498731.11190 2746038.23630 1978.68981
498731.73170 2746037.36400 1978.78829
498733.81094 2746034.41505 1978.57202
498731.11190 2746038.23630 1978.68981
hole 13
498736.93376 2746029.98602 1978.43496
498737.52040 2746029.15400 1978.53424
498739.71210 2746026.02137 1978.31065
498736.93376 2746029.98602 1978.43496
hole 14
498742.62063 2746021.86416 1978.17985
498743.27910 2746020.92300 1978.27523
498745.50135 2746017.72187 1978.04783
498742.62063 2746021.86416 1978.17985
hole 15
498748.37787 2746013.57826 1977.91528
498749.00770 2746012.67100 1978.01127
498751.31643 2746009.31910 1977.77732
498748.37787 2746013.57826 1977.91528
hole 16
498754.02919 2746005.38062 1977.64931
498754.70600 2746004.39800 1977.74235
498756.99070 2746001.05491 1977.50697
498754.02919 2746005.38062 1977.64931
hole 17
498759.73491 2745997.03944 1977.37438
498760.37420 2745996.10400 1977.46849
498762.52989 2745992.92458 1977.23687
498759.73491 2745997.03944 1977.37438
hole 18
498765.41820 2745988.66464 1977.09401
498766.01190 2745987.78900 1977.18966
498768.17281 2745984.57696 1976.95530
498765.41820 2745988.66464 1977.09401
hole 19
498770.98459 2745980.39744 1976.81302
498771.61930 2745979.45400 1976.90589
498773.71842 2745976.30921 1976.67227
498770.98459 2745980.39744 1976.81302
hole 20
498776.60222 2745971.98887 1976.52343
498777.19620 2745971.09900 1976.61749
498779.38808 2745967.78883 1976.38021
498776.60222 2745971.98887 1976.52343
hole 21
498782.10428 2745963.68683 1976.24108
498782.74250 2745962.72300 1976.33340
498784.86045 2745959.49906 1976.10252
498782.10428 2745963.68683 1976.24108
hole 22
498787.66874 2745955.22427 1975.96213
498788.25820 2745954.32700 1976.05765
498790.39736 2745951.04474 1975.82836
498787.66874 2745955.22427 1975.96213
hole 23
498793.11654 2745946.87252 1975.69579
498793.74320 2745945.91100 1975.79025
498795.83608 2745942.67394 1975.56584
498793.11654 2745946.87252 1975.69579
hole 24
498798.61281 2745938.37918 1975.43396
498799.19740 2745937.47500 1975.53119
498801.30153 2745934.19424 1975.30891
498798.61281 2745938.37918 1975.43396
hole 25
498804.01048 2745929.97046 1975.18367
498804.62070 2745929.01900 1975.28047
498806.63944 2745925.84586 1975.06474
498804.01048 2745929.97046 1975.18367
hole 26
498809.46614 2745921.40273 1974.93770
498810.01310 2745920.54300 1975.03808
498811.95003 2745917.47398 1974.82855
498809.46614 2745921.40273 1974.93770
hole 27
498814.79813 2745912.96124 1974.70421
498815.37450 2745912.04800 1974.80405
498817.45346 2745908.72698 1974.59102
498814.79813 2745912.96124 1974.70421
hole 28
498820.09717 2745904.50381 1974.47907
498820.70490 2745903.53300 1974.57835
498822.86918 2745900.04757 1974.36456
498820.09717 2745904.50381 1974.47907
hole 29
498825.37452 2745896.01289 1974.26179
498826.00410 2745894.99900 1974.36099
498828.05988 2745891.66083 1974.15442
498825.37452 2745896.01289 1974.26179
hole 30
498830.72073 2745887.34015 1974.04886
498831.27200 2745886.44500 1974.15197
498833.37217 2745883.00722 1973.94647
498830.72073 2745887.34015 1974.04886
hole 31
498835.85851 2745878.93730 1973.85116
498836.50870 2745877.87300 1973.95128
498838.68831 2745874.27534 1973.74572
498835.85851 2745878.93730 1973.85116
hole 32
498841.11150 2745870.27565 1973.65619
498841.71410 2745869.28100 1973.75894
498843.82001 2745865.77610 1973.55903
498841.11150 2745870.27565 1973.65619
hole 33
498846.29218 2745861.66163 1973.47111
498846.88800 2745860.67000 1973.57493
498848.85650 2745857.36652 1973.38269
498846.29218 2745861.66163 1973.47111
hole 34
498851.49651 2745852.93613 1973.29252
498852.03050 2745852.04000 1973.39926
498853.87394 2745848.92070 1973.21393
498851.49651 2745852.93613 1973.29252
hole 35
498856.60985 2745844.29128 1973.12435
498857.14130 2745843.39200 1973.23193
498859.02310 2745840.18101 1973.04804
498856.60985 2745844.29128 1973.12435
hole 36
498861.66884 2745835.66650 1972.96521
498862.22060 2745834.72500 1973.07293
498864.16482 2745831.37929 1972.88991
498861.66884 2745835.66650 1972.96521
hole 37
498866.72524 2745826.97318 1972.81349
498867.26810 2745826.03900 1972.92228
498869.13430 2745822.80092 1972.74434
498866.72524 2745826.97318 1972.81349
hole 38
498871.73693 2745818.28506 1972.67048
498872.28390 2745817.33600 1972.77995
498874.09990 2745814.15763 1972.60615
498871.73693 2745818.28506 1972.67048
hole 39
498876.78529 2745809.45766 1972.53398
498876.78529 2745809.45766 1972.59651
498877.85383 2745807.57514 1972.56904
498876.78529 2745809.45766 1972.53398
hole 40
498881.99157 2745800.27242 1972.46399
498884.07039 2745796.57905 1972.41371
498884.07039 2745796.57905 1972.35121
498881.99157 2745800.27242 1972.46399
hole 41
498887.34420 2745790.74278 1972.33653
498888.98470 2745787.80306 1972.29939
498888.98470 2745787.80306 1972.23688
498887.34420 2745790.74278 1972.33653
hole 42
498891.49835 2745783.29009 1972.18084
498891.49835 2745783.29009 1972.24335
498891.64453 2745783.02589 1972.24027
498891.49835 2745783.29009 1972.18084
hole 43
498897.49870 2745772.41793 1972.11956
498898.72026 2745770.19075 1972.09575
498898.72026 2745770.19075 1972.03324
498897.49870 2745772.41793 1972.11956
hole 44
498901.19410 2745765.67159 1971.98591
498901.19410 2745765.67159 1972.04842
498902.78931 2745762.73795 1972.01988
498901.19410 2745765.67159 1971.98591
hole 45
498905.98921 2745756.84425 1971.90104
498905.98921 2745756.84425 1971.96355
498908.26804 2745752.61648 1971.92650
498908.26804 2745752.61648 1971.86399
498905.98921 2745756.84425 1971.90104
hole 46
498910.76417 2745747.97645 1971.82432
498910.76417 2745747.97645 1971.88683
498910.78887 2745747.93023 1971.88647
498910.76417 2745747.97645 1971.82432
hole 47
498916.68888 2745736.85908 1971.80321
498917.77441 2745734.80934 1971.78917
498917.77441 2745734.80934 1971.72666
498916.68888 2745736.85908 1971.80321
hole 48
498920.14729 2745730.32035 1971.69684
498920.14729 2745730.32035 1971.75934
498920.69282 2745729.28122 1971.75320
498920.14729 2745730.32035 1971.69684
hole 49
498929.75474 2745711.91258 1971.66208
498933.15809 2745705.31315 1971.63559
498933.15809 2745705.31315 1971.57307
498929.75474 2745711.91258 1971.66208
hole 50
498933.88855 2745703.89069 1971.56799
498934.26216 2745703.16313 1971.66219
498935.70896 2745700.33054 1971.64077
498936.30510 2745699.16172 1971.55348
498933.88855 2745703.89069 1971.56799
hole 51
498945.19792 2745681.58966 1971.57979
498945.20331 2745681.57892 1971.57977
498945.20331 2745681.57892 1971.51725
498945.19792 2745681.58966 1971.57979
hole 52
498947.70577 2745676.58268 1971.51224
498947.70577 2745676.58268 1971.57476
498949.75117 2745672.46991 1971.57362
498949.75117 2745672.46991 1971.51110
498947.70577 2745676.58268 1971.51224
hole 53
498952.20416 2745667.52757 1971.51077
498952.20416 2745667.52757 1971.57330
498953.48167 2745664.93614 1971.57495
498952.20416 2745667.52757 1971.51077
hole 54
498957.00192 2745657.77879 1971.51856
498957.00192 2745657.77879 1971.58123
498957.14761 2745657.48066 1971.58169
498957.00192 2745657.77879 1971.51856
hole 55
499060.94289 2745353.60299 1976.14966
499059.07697 2745358.31125 1976.01788
499060.05320 2745355.85000 1975.96177
499060.94289 2745353.60299 1976.14966
hole 56
499053.49143 2745372.37686 1975.62417
499051.80895 2745376.60369 1975.50650
499052.67880 2745374.42100 1975.44178
499053.49143 2745372.37686 1975.62417
hole 57
499049.84707 2745381.52655 1975.37080
499048.08054 2745385.95253 1975.25076
499048.98090 2745383.70000 1975.18585
499049.84707 2745381.52655 1975.37080
hole 58
499046.08843 2745390.93643 1975.11768
499045.34157 2745392.80178 1974.09201
499045.34571 2745392.79460 1974.03505
499046.08843 2745390.93643 1975.11768
hole 59
498873.91030 2745763.43800 1972.21503
498872.64826 2745765.71910 1972.17937
498872.64826 2745765.71910 1972.11687
498873.91030 2745763.43800 1972.21503
hole 60
498869.09140 2745772.14800 1972.31752
498867.76949 2745774.51702 1972.28522
498867.76949 2745774.51702 1972.22271
498869.09140 2745772.14800 1972.31752
hole 61
498854.44422 2745798.17196 1972.55000
498854.44045 2745798.16980 1972.61156
498853.16517 2745800.40617 1972.58517
498854.44420 2745798.17200 1972.42502
498854.44422 2745798.17196 1972.55000
hole 62
498850.64165 2745804.81419 1972.65447
498848.16033 2745809.12888 1972.72462
498849.49850 2745806.81100 1972.56086
498850.64165 2745804.81419 1972.65447
hole 63
498845.73219 2745813.33476 1972.79495
498843.13288 2745817.81667 1972.87230
498844.52140 2745815.43200 1972.70504
498845.73219 2745813.33476 1972.79495
hole 64
498840.68885 2745822.01407 1972.94674
498838.21657 2745826.24154 1973.02393
498839.51270 2745824.03400 1972.85755
498840.68885 2745822.01407 1972.94674
hole 65
498835.60188 2745830.69481 1973.10738
498833.15044 2745834.85140 1973.18752
498834.47270 2745832.61800 1973.01840
498835.60188 2745830.69481 1973.10738
hole 66
498830.58974 2745839.17662 1973.27294
498828.03721 2745843.46888 1973.36004
498829.40130 2745841.18400 1973.18758
498830.58974 2745839.17662 1973.27294
hole 67
498825.49464 2745847.72777 1973.44850
498822.93903 2745851.98962 1973.53933
498824.29870 2745849.73100 1973.36511
498825.49464 2745847.72777 1973.44850
hole 68
498820.35069 2745856.28922 1973.63304
498817.77492 2745860.54916 1973.72822
498819.16490 2745858.25900 1973.55096
498820.35069 2745856.28922 1973.63304
hole 69
498815.24384 2745864.71945 1973.82338
498812.62697 2745869.01229 1973.92368
498813.99990 2745866.76900 1973.74516
498815.24384 2745864.71945 1973.82338
hole 70
498809.95844 2745873.37255 1974.02772
498807.45532 2745877.44483 1974.12712
498808.80390 2745875.25900 1973.94770
498809.95844 2745873.37255 1974.02772
hole 71
498804.79775 2745881.75235 1974.23432
498802.21784 2745885.91582 1974.34025
498803.57700 2745883.73100 1974.15857
498804.79775 2745881.75235 1974.23432
hole 72
498799.46542 2745890.34031 1974.45502
498796.97980 2745894.31878 1974.56043
498798.31910 2745892.18300 1974.37779
498799.46542 2745890.34031 1974.45502
hole 73
498794.26198 2745898.65286 1974.67735
498791.64006 2745902.81572 1974.79200
498793.03030 2745900.61700 1974.60534
498794.26198 2745898.65286 1974.67735
hole 74
498788.88405 2745907.17446 1974.91423
498786.32558 2745911.20354 1975.02948
498787.71080 2745909.03000 1974.84123
498788.88405 2745907.17446 1974.91423
hole 75
498783.64568 2745915.40858 1975.15179
498780.90334 2745919.69290 1975.27886
498782.36060 2745917.42500 1975.08547
498783.64568 2745915.40858 1975.15179
hole 76
498778.21325 2745923.87941 1975.40515
498775.57614 2745927.96619 1975.53073
498776.97980 2745925.79900 1975.33804
498778.21325 2745923.87941 1975.40515
hole 77
498772.78816 2745932.27073 1975.66516
498770.22974 2745936.20434 1975.79023
498771.56840 2745934.15400 1975.59896
498772.78816 2745932.27073 1975.66516
hole 78
498767.28318 2745940.71739 1975.93602
498764.72607 2745944.61717 1976.06427
498766.12650 2745942.48900 1975.86822
498767.28318 2745940.71739 1975.93602
hole 79
498761.95218 2745948.83252 1976.20497
498759.18841 2745953.01464 1976.34699
498760.65420 2745950.80500 1976.14582
498761.95218 2745948.83252 1976.20497
hole 80
498756.42785 2745957.17609 1976.49022
498753.64914 2745961.34708 1976.63506
498755.15160 2745959.10000 1976.43176
498756.42785 2745957.17609 1976.49022
hole 81
498750.96925 2745965.35512 1976.77420
498748.03542 2745969.72440 1976.92486
498749.61870 2745967.37500 1976.71939
498750.96925 2745965.35512 1976.77420
hole 82
498745.47119 2745973.52943 1977.05517
498742.45661 2745977.98394 1977.20648
498744.05560 2745975.63000 1977.00206
498745.47119 2745973.52943 1977.05517
hole 83
498739.81537 2745981.87223 1977.33761
498736.97861 2745986.03138 1977.47675
498738.46240 2745983.86400 1977.27978
498739.81537 2745981.87223 1977.33761
hole 84
498734.12538 2745990.19911 1977.61515
498731.37247 2745994.20354 1977.74702
498732.83910 2745992.07800 1977.55255
498734.12538 2745990.19911 1977.61515
hole 85
498728.46376 2745998.41904 1977.88481
498725.69270 2746002.41841 1978.01442
498727.18590 2746000.27100 1977.82036
498728.46376 2745998.41904 1977.88481
hole 86
498722.88082 2746006.46224 1978.14450
498719.89224 2746010.74189 1978.28095
498721.50280 2746008.44400 1978.08322
498722.88082 2746006.46224 1978.14450
hole 87
498717.15651 2746014.64517 1978.40444
498714.28494 2746018.72585 1978.53241
498715.78990 2746016.59500 1978.34113
498717.15651 2746014.64517 1978.40444
hole 88
498711.35253 2746022.87781 1978.66157
498708.57204 2746026.79855 1978.78244
498710.04720 2746024.72600 1978.59408
498711.35253 2746022.87781 1978.66157
hole 89
498705.58920 2746030.98931 1978.91060
498702.68961 2746035.04608 1979.03350
498704.27480 2746032.83600 1978.84208
498705.58920 2746030.98931 1978.91060
hole 90
498699.89599 2746038.94093 1979.15053
498696.91746 2746043.07675 1979.27364
498698.47290 2746040.92500 1979.08513
498699.89599 2746038.94093 1979.15053
hole 91
498693.94445 2746047.18954 1979.39501
498691.16867 2746051.01394 1979.50680
498692.64150 2746048.99200 1979.32323
498693.94445 2746047.18954 1979.39501
hole 92
498688.09484 2746055.23377 1979.62908
498685.19317 2746059.20077 1979.74288
498686.78060 2746057.03800 1979.55637
498688.09484 2746055.23377 1979.62908
hole 93
498682.36300 2746063.05668 1979.85254
498679.16644 2746067.39371 1979.97462
498680.89040 2746065.06300 1979.78457
498682.36300 2746063.05668 1979.85254
hole 94
498676.46082 2746071.05156 1980.07665
498673.35705 2746075.23106 1980.19203
498674.97080 2746073.06600 1980.00781
498676.46082 2746071.05156 1980.07665
hole 95
498670.36956 2746079.23920 1980.30164
498667.49796 2746083.07653 1980.40548
498669.02210 2746081.04700 1980.22610
498670.36956 2746079.23920 1980.30164
hole 96
498664.45482 2746087.12876 1980.51410
498661.33982 2746091.25920 1980.62360
498663.04430 2746089.00700 1980.43944
498664.45482 2746087.12876 1980.51410
hole 97
498658.52714 2746094.97568 1980.72117
498655.35282 2746099.15343 1980.82963
498657.03750 2746096.94400 1980.64783
498658.52714 2746094.97568 1980.72117
hole 98
498652.49833 2746102.89707 1980.92584
498649.32173 2746107.04630 1981.03126
498651.00160 2746104.86000 1980.85126
498652.49833 2746102.89707 1980.92584
hole 99
498646.34853 2746110.91581 1981.12855
498643.30629 2746114.85965 1981.22654
498644.93690 2746112.75300 1981.04975
498646.34853 2746110.91581 1981.12855
