500254.229092 2743444.055415 1998.991614
500261.410000 2743438.245000 1997.085000
500268.831000 2743431.497000 1995.876000
500277.005000 2743425.458000 1993.111000
500284.367000 2743418.665000 1992.000000
500291.180000 2743411.362000 1992.000000
500297.982000 2743404.053000 1992.000000
500304.771000 2743396.738000 1992.000000
500311.544000 2743389.413000 1992.000000
500318.300000 2743382.077000 1992.000000
500324.432000 2743374.176000 1993.227000
500329.330644 2743367.892211 1994.148038
500326.020000 2743367.215000 1995.518000
500316.936000 2743371.614000 1992.831000
500316.446000 2743372.013000 1992.715000
500309.029000 2743379.031000 1992.000000
500302.032000 2743386.180000 1992.000000
500295.036000 2743393.329000 1992.000000
500288.039000 2743400.478000 1992.000000
500281.043000 2743407.627000 1992.000000
500274.119000 2743414.843000 1992.149000
500268.113000 2743422.917000 1994.182000
500265.127000 2743430.387000 1995.828000
500263.550000 2743432.335000 1996.224000
500257.093000 2743439.987000 1997.457000
500254.229092 2743444.055415 1998.991614