500108.079 2743752.78 2089.486
499958.289 2743752.78 2031.728
500030.515 2743647.832 2034.533
500038.55 2743641.492 2031.101
500046.82 2743635.376 2027.064
500055.032 2743629.218 2023.214
500061.885 2743621.826 2023.079
500069.199 2743614.859 2021.733
500070.133 2743614.007 2021.514
500074.414 2743605.955 2030.145
500082.025 2743599.263 2028.08
500089.565 2743592.511 2026.243
500097.371 2743586.037 2023.683
500104.846 2743579.338 2021.925
500112.611 2743572.909 2019.376
500120.155 2743566.273 2017.433
500128.495 2743560.382 2013.308
500132.476 2743557.26 2011.762
500134.754 2743552.544 2017.957
500142.76 2743546.341 2015.148
500150.101 2743539.514 2013.935
500157.261 2743532.519 2013.154
500164.477 2743525.576 2012.238
500171.543 2743518.493 2011.683
500178.436 2743511.248 2011.543
500185.436 2743504.103 2011.146
500192.597 2743497.109 2010.362
500200.039 2743490.377 2008.906
500207.594 2743483.752 2007.179
500215.516 2743477.47 2004.571
500223.567 2743471.309 2001.653
500223.82 2743471.118 2001.56
500230.461 2743464.065 2004.504
500238.183 2743457.595 2002.682
500245.758 2743450.989 2001.16
500253.561 2743444.596 1999.169
500261.41 2743438.245 1997.085
500268.831 2743431.497 1995.876
500277.005 2743425.458 1993.111
500284.367 2743418.665 1992
500291.18 2743411.362 1992
500297.982 2743404.053 1992
500304.771 2743396.738 1992
500311.544 2743389.413 1992
500318.3 2743382.077 1992
500324.432 2743374.176 1993.227
500330.575 2743366.296 1994.382
500335.89 2743357.679 1997.154
500339.975 2743347.982 2002.333
500344.123 2743341.703 2001.472
500345.124 2743339.272 2002.417
500349.128 2743329.579 2008.432
500353.42 2743320.185 2013.65
500358.388 2743311.424 2017.174
500364.737 2743307.137 2011.472
500365.729 2743304.738 2011.615
500371.398 2743296.626 2013.539
500377.296 2743288.731 2014.728
500383.266 2743280.916 2015.59
500389.38 2743273.236 2015.943
500395.628 2743265.744 2015.645
500402.313 2743258.29 2014.608
500405.759 2743254.67 2013.795
500494.396 2743326.239 2091.472
500491.266 2743330.114 2091.472
500484.984 2743337.895 2091.472
500478.269 2743346.198 2091.472
500471.574 2743354.303 2091.472
500464.847 2743362.35 2091.472
500458.091 2743370.339 2091.472
500451.31 2743378.273 2091.472
500444.504 2743386.154 2091.472
500412.226 2743361.522 2034.429
500408.81 2743359.816 2031.036
500402.621 2743363.278 2026.267
500394.969 2743370.078 2023.758
500387.668 2743377.162 2022.237
500382.508 2743379.346 2021.445
500378.856 2743382.868 2020.703
500371.138 2743389.523 2018.139
500363.063 2743395.83 2014.642
500354.282 2743399.76 2011.022
500353.237 2743400.51 2010.555
500343.575 2743400.185 2001.24
500339.456 2743401.516 1998.04
500329.747 2743406.212 1992.098
500322.893 2743413.527 1992
500316.078 2743420.872 1992
500309.254 2743428.204 1992
500302.423 2743435.525 1992
500295.59 2743442.838 1992
500288.754 2743450.144 1992
500282.035 2743457.555 1992.239
500277.019 2743466.557 1995.975
500270.678 2743474.319 1996.99
500264.223 2743481.974 1997.768
500257.712 2743489.577 1998.432
500251.162 2743497.144 1999.017
500244.867 2743504.948 2000.125
500241.028 2743513.341 2001.533
500240.294 2743514.366 2001.822
500234.261 2743522.416 2003.742
500228.115 2743530.361 2005.393
500221.725 2743538.077 2006.458
500215.06 2743545.535 2006.863
500208.249 2743552.857 2006.918
500201.52 2743560.256 2007.173
500195.287 2743568.119 2008.614
500189.03 2743575.96 2009.998
500182.384 2743583.436 2010.449
500175.661 2743590.84 2010.715
500169.073 2743598.371 2011.305
500164.623 2743606.191 2011.473
500163.828 2743607.16 2011.638
500157.42 2743614.859 2012.806
500151.101 2743622.641 2014.217
500144.76 2743630.403 2015.569
500138.238 2743637.925 2016.314
500131.691 2743645.399 2016.917
500125.362 2743653.074 2018.067
500119.576 2743661.245 2020.647
500119.177 2743661.51 2020.419
500157.034 2743696.465 2091.472
500150.757 2743703.298 2091.472
500144.133 2743710.54 2091.472
500137.525 2743717.796 2091.472
500130.933 2743725.067 2091.472
500124.356 2743732.352 2091.472
500108.079 2743752.78 2089.486
