500254.21875 2743444.00000 1998.90857
500261.40625 2743438.25000 1997.08496
500268.84375 2743431.50000 1995.87598
500277.00000 2743425.50000 1993.11096
500284.37500 2743418.75000 1992.00000
500291.18750 2743411.25000 1992.00000
500297.96875 2743404.00000 1992.00000
500304.78125 2743396.75000 1992.00000
500311.53125 2743389.50000 1992.00000
500318.31250 2743382.00000 1992.00000
500324.43750 2743374.25000 1993.22705
500329.34375 2743368.00000 1997.34045
500326.03125 2743367.25000 1995.51794
500316.93750 2743371.50000 1992.83105
500316.43750 2743372.00000 1992.71497
500309.03125 2743379.00000 1992.00000
500302.03125 2743386.25000 1992.00000
500295.03125 2743393.25000 1992.00000
500288.03125 2743400.50000 1992.00000
500281.03125 2743407.75000 1992.00000
500274.12500 2743414.75000 1992.14905
500268.12500 2743423.00000 1994.18201
500265.12500 2743430.50000 1995.82800
500263.56250 2743432.25000 1996.22400
500257.09375 2743440.00000 1997.45703
500254.21875 2743444.00000 1998.90857
500397.21875 2743368.00000 2046.46252
500394.96875 2743370.00000 2023.75806
500387.65625 2743377.25000 2022.23706
500382.50000 2743379.25000 2021.44495
500378.84375 2743382.75000 2020.70300
500371.12500 2743389.50000 2018.13904
500363.06250 2743395.75000 2014.64197
500354.28125 2743399.75000 2011.02197
500353.25000 2743400.50000 2010.55505
500343.56250 2743400.25000 2001.23999
500339.46875 2743401.50000 1998.04004
500329.75000 2743406.25000 1992.09802
500322.90625 2743413.50000 1992.00000
500316.06250 2743420.75000 1992.00000
500309.25000 2743428.25000 1992.00000
500302.43750 2743435.50000 1992.00000
500295.59375 2743442.75000 1992.00000
500288.75000 2743450.25000 1992.00000
500282.03125 2743457.50000 1992.23901
500277.03125 2743466.50000 1995.97498
500270.68750 2743474.25000 1996.98999
500264.21875 2743482.00000 1997.76794
500257.71875 2743489.50000 1998.43201
500251.15625 2743497.25000 1999.01697
500244.87500 2743505.00000 2000.12500
500241.03125 2743513.25000 2001.53296
500240.28125 2743514.25000 2001.82202
500234.25000 2743522.50000 2003.74194
500228.12500 2743530.25000 2005.39294
500221.71875 2743538.00000 2006.45801
500215.06250 2743545.50000 2006.86304
500208.25000 2743552.75000 2006.91797
500201.53125 2743560.25000 2007.17297
500195.28125 2743568.00000 2008.61401
500189.03125 2743576.00000 2009.99805
500182.37500 2743583.50000 2010.44897
500175.65625 2743590.75000 2010.71497
500169.06250 2743598.25000 2011.30505
500164.62500 2743606.25000 2011.47302
500163.81250 2743607.25000 2011.63794
500157.40625 2743614.75000 2012.80603
500151.09375 2743622.75000 2014.21704
500144.75000 2743630.50000 2015.56897
500138.25000 2743638.00000 2016.31396
500131.68750 2743645.50000 2016.91699
500125.37500 2743653.00000 2018.06702
500119.56250 2743661.25000 2020.64697
500119.18750 2743661.50000 2020.41895
500157.03125 2743696.50000 2091.47192
500150.75000 2743703.25000 2091.47192
500144.12500 2743710.50000 2091.47192
500137.53125 2743717.75000 2091.47192
500130.93750 2743725.00000 2091.47192
500124.34375 2743732.25000 2091.47192
500108.09375 2743752.75000 2089.48608
499958.28125 2743752.75000 2031.72803
499958.96875 2743751.75000 2030.90149
499919.96875 2743751.75000 2026.38403
500003.40625 2743627.75000 2029.17896
500010.84375 2743621.00000 2027.08801
500011.06250 2743620.75000 2027.03503
500015.75000 2743611.75000 2035.95801
500023.06250 2743604.75000 2034.26404
500030.96875 2743598.25000 2031.09998
500038.84375 2743592.00000 2027.91296
500048.56250 2743587.25000 2019.61499
500056.21875 2743580.75000 2017.04504
500062.56250 2743573.00000 2017.94702
500069.09375 2743565.50000 2018.35706
500075.90625 2743558.25000 2018.06494
500082.93750 2743551.00000 2017.16101
500090.90625 2743544.75000 2013.60095
500091.90625 2743544.00000 2013.14697
500097.00000 2743536.75000 2018.41602
500105.28125 2743530.75000 2014.59595
500113.28125 2743524.75000 2011.38306
500120.62500 2743517.75000 2009.77698
500127.78125 2743510.75000 2008.63599
500134.75000 2743503.75000 2007.90503
500141.75000 2743496.50000 2007.08704
500148.84375 2743489.50000 2006.06995
500155.93750 2743482.25000 2005.13306
500162.50000 2743474.75000 2005.32495
500169.03125 2743467.25000 2005.69202
500175.81250 2743460.00000 2005.41003
500183.00000 2743453.00000 2004.17297
500190.40625 2743446.25000 2002.44702
500197.84375 2743439.50000 2000.59302
500205.15625 2743432.50000 1999.07202
500210.84375 2743427.50000 1997.41296
500211.75000 2743425.00000 2001.91602
500219.03125 2743418.25000 2000.61902
500226.34375 2743411.25000 1999.26196
500233.71875 2743404.50000 1997.77100
500241.18750 2743397.75000 1996.08398
500248.71875 2743391.25000 1994.20496
500256.37500 2743384.50000 1992.14502
500263.09375 2743377.25000 1992.00000
500269.75000 2743369.75000 1992.00000
500276.37500 2743362.25000 1992.00000
500282.93750 2743354.75000 1992.21399
500289.15625 2743347.00000 1992.66797
500295.50000 2743339.25000 1993.13794
500301.84375 2743331.50000 1993.60706
500308.21875 2743323.75000 1994.02197
500315.68750 2743317.25000 1991.54102
500316.09375 2743317.00000 1991.53003
500320.03125 2743307.50000 1994.11096
500325.78125 2743299.25000 1996.12195
500331.59375 2743291.00000 1997.98401
500337.46875 2743282.75000 1999.65002
500343.28125 2743274.50000 2001.55103
500349.31250 2743266.50000 2002.93201
500355.46875 2743258.75000 2003.94299
500361.68750 2743250.75000 2004.92603
500368.15625 2743243.25000 2005.27405
500372.75000 2743238.00000 2005.37195
500399.06250 2743262.00000 2021.56628
500402.31250 2743258.25000 2014.60803
500405.75000 2743254.75000 2013.79504
500494.40625 2743326.25000 2091.47192
500491.28125 2743330.00000 2091.47192
500484.96875 2743338.00000 2091.47192
500478.28125 2743346.25000 2091.47192
500471.56250 2743354.25000 2091.47192
500464.84375 2743362.25000 2091.47192
500458.09375 2743370.25000 2091.47192
500451.31250 2743378.25000 2091.47192
500444.50000 2743386.25000 2091.47192
500414.03125 2743363.00000 2058.99292
500412.31250 2743364.75000 2080.46606
500405.56250 2743372.25000 2080.82104
500403.81250 2743374.00000 2080.91406
