5224.377 27389.905 1983.965
5228.436 27386.535 1984.152
5236.142 27380.090 1984.251
5243.825 27373.618 1984.344
5251.484 27367.117 1984.433
5259.118 27360.588 1984.516
5266.729 27354.032 1984.595
5274.317 27347.448 1984.669
5281.879 27340.836 1984.737
5289.418 27334.196 1984.801
5296.933 27327.529 1984.860
5304.423 27320.835 1984.914
5311.888 27314.113 1984.963
5319.329 27307.364 1985.007
5326.745 27300.588 1985.046
5334.137 27293.785 1985.080
5341.503 27286.955 1985.109
5348.845 27280.098 1985.133
5356.161 27273.214 1985.153
5363.452 27266.304 1985.167
5370.718 27259.367 1985.176
5377.959 27252.403 1985.181
5385.174 27245.413 1985.180
5392.363 27238.397 1985.175
5399.527 27231.355 1985.164
5406.665 27224.286 1985.149
5413.777 27217.192 1985.129
5420.863 27210.071 1985.103
5427.923 27202.925 1985.073
5434.957 27195.753 1985.038
5441.965 27188.555 1984.998
5448.946 27181.332 1984.953
5455.901 27174.083 1984.903
5462.829 27166.809 1984.848
5469.731 27159.509 1984.788
5476.606 27152.185 1984.723
5483.455 27144.835 1984.653
5490.276 27137.461 1984.578
5491.729 27135.879 1984.722
5490.333 27137.533 1984.722
5483.864 27145.142 1984.722
5477.368 27152.729 1984.722
5470.845 27160.291 1984.722
5464.294 27167.830 1984.722
5457.716 27175.344 1984.722
5451.110 27182.837 1984.722
5444.482 27190.312 1984.722
5437.834 27197.773 1984.722
5431.172 27205.224 1984.722
5424.500 27212.669 1984.722
5417.823 27220.113 1984.728
5411.147 27227.583 1984.745
5404.524 27235.138 1984.762
5398.016 27242.832 1984.779
5391.694 27250.716 1984.797
5385.630 27258.836 1984.814
5379.903 27267.231 1984.831
5374.588 27275.907 1984.848
5369.714 27284.837 1984.865
5365.293 27294.000 1984.882
5361.334 27303.373 1984.899
5357.850 27312.931 1984.916
5354.847 27322.652 1984.933
5352.334 27332.510 1984.950
5350.313 27342.475 1984.958
5348.741 27352.493 1984.934
5347.535 27362.532 1984.877
5346.611 27372.572 1984.786
5345.884 27382.599 1984.662
5345.271 27392.604 1984.504
5344.682 27402.574 1984.313
5343.977 27412.476 1984.089
5342.982 27422.288 1983.831
5341.528 27431.979 1983.540
5339.452 27441.491 1983.216
5336.605 27450.734 1982.867
5336.318 27451.413 1982.379
5338.318 27441.736 1982.684
5338.820 27431.200 1982.975
5337.601 27420.703 1983.234
5334.659 27410.549 1983.459
5330.074 27401.024 1983.650
5323.972 27392.392 1983.808
5316.522 27384.892 1983.933
5307.932 27378.732 1984.024
5298.438 27374.082 1984.082
5288.305 27371.071 1984.107
5277.812 27369.784 1984.099
5267.252 27370.254 1984.059
5256.935 27372.447 1984.012
5247.134 27376.094 1983.966
5237.919 27380.836 1983.965
5229.255 27386.347 1983.965
5224.377 27389.905 1983.965
