498318.78 2746659.683 1984.288
498325.862 2746653.938 1984.525
498332.126 2746647.374 1984.84
498337.413 2746640.065 1985.256
498341.338 2746632.025 1986.163
498344.24 2746623.666 1986.764
498345.92 2746615.057 1987.237
498346.038 2746606.369 1987.975
498344.698 2746597.888 1988.765
498341.973 2746589.817 1989.549
498338.039 2746582.326 1990.184
498333.032 2746575.56 1990.618
498326.999 2746569.733 1991.006
498320.132 2746564.962 1991.284
498312.595 2746561.385 1991.498
498304.595 2746559.071 1991.613
498296.335 2746558.04 1991.579
498288.011 2746558.365 1991.47
498279.764 2746560.027 1991.283
498271.581 2746562.958 1991.071
498263.513 2746566.907 1990.794
498255.57 2746571.685 1990.443
498247.7 2746577.088 1990.033
498239.688 2746582.764 1989.302
498231.553 2746588.591 1988.495
498223.257 2746594.237 1987.328
498214.808 2746599.697 1985.816
498206.592 2746605.452 1984.892
498198.482 2746611.095 1983.968
498191.363 2746618.246 1982.146
498189.142 2746620.313 1981.763
498182.153 2746611.395 1981.922
498183.642 2746610.414 1982.143
498192.24 2746605.19 1983.965
498193.036 2746604.451 1984.094
498200.47 2746597.747 1985.049
498207.888 2746591.024 1986.007
498215.218 2746584.189 1987.153
498222.622 2746577.443 1988.111
498230.162 2746570.85 1988.757
498237.897 2746564.264 1989.358
498246.028 2746557.827 1989.975
498254.679 2746551.676 1990.796
498264.064 2746546.143 1991.739
498274.247 2746541.367 1993.179
498285.452 2746538.461 1994
498297.113 2746537.968 1994
498308.695 2746539.395 1994
498319.736 2746543.091 1993.375
498329.939 2746548.556 1992.684
498339.106 2746555.517 1992.12
498346.854 2746563.949 1991.325
498352.95 2746573.549 1990.319
498357.082 2746584.037 1988.884
498359.585 2746594.891 1987.73
498360.691 2746605.887 1987.217
498359.845 2746616.833 1986.437
498357.074 2746627.352 1985.231
498352.853 2746637.244 1984.072
498347.8 2746646.641 1983.755
498341.652 2746655.338 1983.654
498334.401 2746663.114 1983.447
498326.191 2746669.82 1983.018
498318.78 2746659.683 1984.288
