497860.393 2746451.34 1973.869
497869.754 2746455.107 1975.967
497878.845 2746459.305 1977.271
497887.883 2746463.55 1978.414
497896.83 2746467.905 1979.256
497905.82 2746472.12 1980.19
497914.895 2746476.105 1981.337
497923.918 2746480.105 1982.246
497926.154 2746481.131 1982.395
497933.745 2746482.382 1982.842
497942.682 2746486.311 1983.422
497951.659 2746490.058 1984.007
497960.756 2746493.418 1984.948
497969.86 2746496.624 1985.893
497979.004 2746499.579 1986.876
497988.18 2746502.276 1987.858
497997.228 2746505.275 1988
498006.331 2746508.121 1988
498015.519 2746510.708 1988
498024.783 2746513.033 1988
498034.116 2746515.094 1988
498043.511 2746516.888 1988
498052.954 2746518.457 1987.924
498062.397 2746520.281 1986.927
498067.145 2746521.095 1986.423
498071.778 2746523.882 1985.933
498081.426 2746524.808 1985.677
498091.112 2746525.224 1985.772
498100.819 2746525.72 1985.332
498110.539 2746525.688 1985.266
498120.244 2746525.13 1985.574
498129.919 2746524.176 1986.062
498139.517 2746522.627 1987.031
498149.097 2746521.059 1987.618
498158.704 2746519.62 1987.589
498168.274 2746517.904 1987.563
498177.74 2746515.683 1987.896
498187.126 2746513.144 1988.3
498196.434 2746510.336 1988.711
498205.65 2746507.237 1989.161
498214.763 2746503.852 1989.652
498223.685 2746499.994 1990.49
498232.303 2746495.473 1992.006
498241.107 2746491.393 1992.396
498249.852 2746487.158 1992.608
498258.488 2746482.675 1992.806
498267.033 2746477.993 1992.924
498275.59 2746473.291 1992.668
498284.056 2746468.388 1992.363
498292.431 2746463.299 1992.006
498300.742 2746458.071 1991.527
498308.991 2746452.708 1990.936
498317.183 2746447.223 1990.221
498325.269 2746441.556 1989.547
498333.224 2746435.688 1988.987
498341.064 2746429.648 1988.507
498348.8 2746423.458 1988.085
498356.461 2746417.159 1987.662
498363.922 2746410.616 1987.526
498371.269 2746403.935 1987.49
498378.611 2746397.237 1987.326
498385.876 2746390.444 1987.207
498393.048 2746383.544 1987.176
498400.175 2746376.588 1987.144
498407.259 2746369.579 1987.124
498414.277 2746362.495 1987.176
498416.965 2746359.76 1987.203
498424.89 2746367.608 1987.559
498422.159 2746370.324 1987.518
498415.044 2746377.384 1987.443
498407.941 2746384.461 1987.475
498400.792 2746391.5 1987.509
498393.587 2746398.49 1987.542
498386.323 2746405.425 1987.578
498379.045 2746412.354 1987.732
498371.7 2746419.223 1987.907
498364.304 2746426.047 1988.15
498356.856 2746432.829 1988.483
498349.334 2746439.543 1988.869
498341.724 2746446.173 1989.291
498334.014 2746452.704 1989.737
498326.334 2746459.306 1990.546
498318.67 2746465.98 1991.711
498310.719 2746472.316 1992.448
498302.591 2746478.446 1993.035
498294.321 2746484.417 1993.578
498285.881 2746490.174 1994
498277.169 2746495.528 1994
498268.334 2746500.705 1994
498259.373 2746505.694 1994
498249.947 2746509.78 1992.829
498240.301 2746513.348 1991.195
498230.643 2746516.809 1989.834
498221.075 2746520.433 1989.189
498211.417 2746523.793 1988.565
498201.673 2746526.881 1987.949
498191.812 2746529.564 1987.14
498181.889 2746531.968 1986.341
498171.93 2746534.183 1985.691
498161.925 2746536.158 1985.111
498151.874 2746537.863 1984.558
498141.779 2746539.259 1983.974
498131.674 2746540.58 1983.714
498121.543 2746541.741 1983.646
498111.385 2746542.764 1983.807
498101.192 2746543.569 1984.075
498090.967 2746544.15 1984.445
498080.717 2746544.384 1984.735
498070.446 2746544.405 1985.145
498060.161 2746544.149 1985.58
498052.22 2746545.712 1985.86
498049.636 2746545.526 1985.972
498039.28 2746544.78 1986.739
498028.922 2746543.786 1987.598
498018.628 2746542.242 1988.007
498008.421 2746540.194 1988.044
497998.267 2746537.859 1988.09
497988.18 2746535.224 1988.12
497978.179 2746532.259 1988.127
497968.409 2746528.649 1987.653
497958.847 2746524.6 1986.816
497949.437 2746520.304 1985.94
497940.312 2746515.472 1984.538
497931.216 2746510.711 1983.597
497922.168 2746505.947 1982.943
497916.364 2746500.485 1982.437
497914.152 2746499.24 1982.275
497905.398 2746494.117 1981.503
497896.759 2746488.847 1980.642
497888.272 2746483.362 1979.544
497880.018 2746477.521 1977.931
497871.661 2746471.915 1976.795
497863.285 2746466.38 1975.826
497854.849 2746460.978 1975.107
497860.393 2746451.34 1973.869
