499163.705 2745043.416 2008.449
499167.045 2745037.244 2006.946
499167.045 2745188.636 1999.135
499165.818 2745191.357 1998.806
499161.57 2745200.431 1997.457
499157.294 2745209.495 1996.056
499153.112 2745218.595 1994.83
499149.078 2745227.754 1993.883
499145.162 2745236.959 1993.156
499141.146 2745246.125 1992.244
499137.128 2745255.289 1991.326
499133.015 2745264.417 1990.231
499129.157 2745273.645 1989.614
499125.364 2745282.899 1989.121
499121.559 2745292.148 1988.605
499116.557 2745300.253 1988.096
499117.037 2745301.114 1988.08
499111.773 2745309.787 1987.098
499107.591 2745318.888 1986.011
499103.301 2745327.947 1984.75
499098.866 2745336.951 1983.259
499093.906 2745345.749 1980.925
499089.227 2745354.659 1979.051
499084.825 2745363.679 1977.631
499080.287 2745372.647 1975.998
499078.347 2745378.259 1975.442
499075.051 2745387.722 1974.528
499071.901 2745397.246 1973.37
499068.908 2745406.836 1971.948
499065.422 2745416.231 1971.315
499061.898 2745425.615 1970.728
499058.222 2745434.938 1970.375
499054.511 2745444.25 1970.062
499050.634 2745453.497 1970
499047.805 2745463.176 1968.22
499044.991 2745472.868 1966.392
499042.508 2745482.704 1964
499041.803 2745490.571 1963.306
499040.949 2745492.937 1963.045
499037.346 2745502.323 1962.337
499033.498 2745511.61 1962.059
499029.601 2745520.879 1961.836
499025.74 2745530.167 1961.505
499021.964 2745539.495 1960.97
499018.321 2745548.886 1960.136
499014.289 2745558.111 1960
499010.16 2745567.296 1960
499006.005 2745576.473 1960
499001.823 2745585.639 1960
498997.613 2745594.796 1960
498993.374 2745603.942 1960
498989.105 2745613.075 1960
498984.808 2745622.194 1960
498980.481 2745631.299 1960
498976.126 2745640.391 1960
498971.742 2745649.468 1960
498967.329 2745658.532 1960
498962.887 2745667.581 1960
498958.417 2745676.617 1960
498953.917 2745685.638 1960
498949.22 2745694.558 1960.333
498944.271 2745703.349 1961.104
498938.161 2745710.123 1961.733
498937.536 2745711.217 1961.819
498932.077 2745719.728 1963.263
498926.907 2745728.384 1964.174
498921.883 2745737.112 1964.795
498916.844 2745745.828 1965.396
498911.817 2745754.549 1965.934
498906.669 2745763.201 1966.63
498901.294 2745771.726 1967.673
498896.192 2745780.396 1968.204
498891.212 2745789.133 1968.479
498886.253 2745797.88 1968.673
498881.299 2745806.63 1968.811
498876.315 2745815.363 1968.954
498871.268 2745824.059 1969.16
498866.174 2745832.728 1969.401
498861.145 2745841.435 1969.481
498855.933 2745850.033 1969.835
498850.803 2745858.68 1969.999
498845.874 2745867.448 1969.763
498840.654 2745876.043 1969.99
498835.531 2745884.696 1970
498830.386 2745893.337 1970
498825.214 2745901.963 1970
498819.926 2745910.517 1970.158
498814.428 2745918.939 1970.64
498808.816 2745927.288 1971.28
498803.125 2745935.582 1972.018
498797.684 2745944.037 1972.262
498792.231 2745952.484 1972.481
498786.737 2745960.904 1972.727
498781.19 2745969.29 1973.022
498775.546 2745977.611 1973.442
498769.835 2745985.886 1973.928
498764.138 2745994.169 1974.329
498758.441 2746002.452 1974.669
498752.75 2746010.739 1974.939
498747.016 2746018.997 1975.228
498741.259 2746027.237 1975.499
498735.464 2746035.452 1975.778
498729.609 2746043.624 1976.109
498723.615 2746051.696 1976.636
498717.583 2746059.739 1977.176
498711.514 2746067.753 1977.725
498705.297 2746075.657 1978.49
498698.919 2746083.439 1979.499
498692.783 2746091.396 1980
498686.882 2746099.529 1980
498680.949 2746107.639 1980
498674.984 2746115.725 1980
498668.986 2746123.788 1980
498663.414 2746132.182 1979.13
498657.944 2746140.662 1978
498651.847 2746148.658 1978
498645.717 2746156.629 1978
498639.555 2746164.577 1978
498632.171 2746171.544 1980.29
498625.398 2746178.991 1981.355
498618.704 2746186.499 1982.211
498612.132 2746194.102 1982.773
498612.348 2746194.279 1983.191
498605.982 2746202 1983.342
498599.8 2746209.926 1983.952
498593.573 2746217.817 1984.528
498587.317 2746225.687 1985.099
498581.028 2746233.532 1985.658
498574.705 2746241.351 1986.203
498568.35 2746249.144 1986.737
498561.968 2746256.917 1987.27
498555.557 2746264.667 1987.799
498549.345 2746272.597 1988.779
498543.25 2746280.636 1990.051
498538.275 2746289.689 1993.637
498538.424 2746293.208 1994.366
498534.012 2746299.408 1995.966
498527.01 2746306.666 1995.516
498519.903 2746310.408 1994.34
498517.963 2746312.045 1993.874
498510.428 2746318.79 1992.492
498503.229 2746325.84 1991.841
498496.123 2746332.972 1991.426
498488.965 2746340.051 1990.949
498481.739 2746347.063 1990.38
498474.475 2746354.033 1989.776
498467.243 2746361.032 1989.287
498460.029 2746368.043 1988.881
498452.847 2746375.083 1988.588
498445.661 2746382.117 1988.336
498438.476 2746389.15 1988.133
498431.303 2746396.194 1988.006
498424.164 2746403.272 1988
498417.004 2746410.328 1988
498409.821 2746417.361 1988
498402.615 2746424.37 1988
498395.385 2746431.355 1988
498388.133 2746438.315 1988
498380.857 2746445.252 1988
498373.731 2746452.348 1988.38
498366.654 2746459.499 1988.918
498359.552 2746466.628 1989.458
498352.506 2746473.821 1990.175
498345.482 2746481.045 1990.999
498338.447 2746488.263 1991.855
498331.345 2746495.413 1992.619
498324.214 2746502.537 1993.373
498317.001 2746509.574 1994
498309.486 2746516.275 1994
498301.95 2746522.951 1994
498294.391 2746529.603 1994
498286.553 2746535.93 1993.409
498278.44 2746541.934 1992.232
498270.578 2746548.224 1991.675
498262.749 2746554.55 1991.241
498254.883 2746560.83 1990.769
498246.992 2746567.077 1990.285
498239.025 2746573.229 1989.67
498230.96 2746579.258 1988.868
498222.87 2746585.251 1988.052
498214.493 2746590.882 1986.592
498206.239 2746596.657 1985.467
498198.049 2746602.505 1984.536
498189.702 2746608.148 1983.27
498190.217 2746608.801 1982.021
498184.087 2746613.62 1981.913
498112.483 2746668.886 1979.221
498107.954 2746672.089 1979.246
498099.768 2746677.923 1979.194
498091.61 2746683.795 1979.018
498083.309 2746689.462 1979.162
498075.021 2746695.144 1979.221
498066.709 2746700.786 1979.302
498058.332 2746706.331 1979.508
498049.72 2746711.532 1980.292
498047.998 2746713.05 1980.652
498040.339 2746719.626 1982.063
498032.481 2746725.922 1983.003
498024.452 2746731.967 1983.528
498016.167 2746737.636 1983.411
498007.822 2746743.214 1983.169
497999.614 2746748.992 1983.326
497991.233 2746754.509 1983.047
497982.781 2746759.915 1982.603
497974.217 2746765.148 1981.882
497965.677 2746770.411 1981.245
497957.138 2746775.67 1980.631
497948.579 2746780.894 1979.984
497939.974 2746786.043 1979.226
497931.421 2746791.267 1978.628
497922.89 2746796.52 1978.103
497914.339 2746801.739 1977.539
497905.831 2746807.021 1977.104
497905.835 2746807.026 1977.095
497905.489 2746807.249 1977.087
497897.195 2746812.859 1976.55
497888.901 2746818.469 1976
497880.439 2746823.813 1975.91
497875.991 2746826.78 1975.659
497826.501 2746826.78 1974
497832.395 2746822.916 1974
497840.868 2746817.609 1974.312
497849.414 2746812.419 1974.834
497857.876 2746807.1 1975.131
497866.41 2746801.896 1975.639
497874.97 2746796.736 1976.232
497883.53 2746791.578 1976.838
497885.031 2746790.673 1976.944
497893.283 2746785.038 1977.544
497901.534 2746779.406 1978.128
497909.786 2746773.779 1978.687
497918.03 2746768.143 1979.247
497926.259 2746762.49 1979.82
497934.395 2746756.697 1980.624
497942.481 2746750.833 1981.534
497950.317 2746744.595 1983.093
497958.261 2746738.532 1984.317
497966.449 2746732.843 1984.843
497974.623 2746727.14 1985.366
497982.784 2746721.421 1985.889
497990.883 2746715.617 1986.535
497998.928 2746709.737 1987.284
498007.079 2746704.021 1987.703
498015.474 2746698.668 1987.426
498023.994 2746693.497 1986.777
498032.6 2746688.447 1985.862
498041.557 2746683.897 1983.985
498050.342 2746679.088 1982.528
498058.988 2746674.075 1981.393
498063.255 2746671.514 1980.922
498071.295 2746665.641 1980.923
498075.688 2746662.646 1981.205
498083.527 2746656.498 1982
498091.655 2746650.752 1982
498096.621 2746647.218 1982
498113.065 2746634.357 1980.878
498120.95 2746628.284 1980.829
498128.743 2746622.091 1980.602
498136.671 2746616.079 1980.763
498144.602 2746610.071 1980.982
498152.574 2746604.114 1981.348
498160.547 2746598.157 1981.765
498168.71 2746592.44 1982.69
498171.649 2746590.132 1982.743
498171.848 2746590.385 1983.228
498179.247 2746583.694 1984.365
498186.805 2746577.21 1985.05
498194.342 2746570.705 1985.72
498201.801 2746564.107 1986.513
498209.217 2746557.462 1987.343
498216.639 2746550.828 1988.093
498224.104 2746544.251 1988.678
498231.539 2746537.643 1989.266
498238.946 2746531.003 1989.86
498246.051 2746524.011 1991.09
498253.032 2746516.883 1992.537
498260.122 2746509.89 1993.664
498267.557 2746503.305 1993.929
498275.139 2746496.888 1993.801
498282.767 2746490.522 1993.511
498290.408 2746484.167 1993.136
498298.049 2746477.81 1992.704
498305.681 2746471.439 1992.236
498313.369 2746465.125 1991.589
498321.136 2746458.893 1990.714
498328.863 2746452.61 1989.875
498336.413 2746446.13 1989.373
498343.929 2746439.61 1988.893
498351.393 2746433.03 1988.47
498358.806 2746426.393 1988.103
498366.173 2746419.704 1987.781
498373.406 2746412.875 1987.689
498380.648 2746406.053 1987.522
498387.846 2746399.184 1987.392
498394.97 2746392.24 1987.359
498402.068 2746385.268 1987.326
498409.138 2746378.268 1987.292
498416.148 2746371.208 1987.325
498423.116 2746364.107 1987.388
498430.047 2746356.97 1987.468
498436.945 2746349.8 1987.559
498443.785 2746342.576 1987.709
498450.54 2746335.271 1987.976
498457.057 2746327.741 1988.674
498463.51 2746320.155 1989.441
498469.916 2746312.53 1990.24
498476.133 2746304.735 1991.361
498482.207 2746296.815 1992.706
498488.246 2746288.872 1994.055
498491.388 2746285.015 1994.455
498493.189 2746279.937 1994.576
498499.575 2746272.333 1995.176
498506.149 2746264.903 1995.26
498513.14 2746257.845 1994.296
498513.588 2746257.414 1994.208
498522.466 2746252.852 1991.71
498530.296 2746246.507 1989.101
498537.46 2746239.564 1987.776
498544.32 2746232.35 1987.001
498551.155 2746225.109 1986.223
498557.841 2746217.737 1985.682
498564.448 2746210.296 1985.239
498571.022 2746202.823 1984.806
498577.565 2746195.324 1984.374
498584.08 2746187.799 1983.94
498590.622 2746180.294 1983.395
498597.134 2746172.762 1982.853
498600.274 2746168.912 1982.774
498600.372 2746168.992 1982.584
498606.453 2746161.108 1982.057
498612.346 2746153.075 1981.218
498618.219 2746145.031 1980.396
498623.093 2746136.2 1977.716
498628.656 2746127.926 1976.414
498634.657 2746119.999 1976
498640.85 2746112.221 1976
498647.017 2746104.423 1976
498653.914 2746097.178 1977.423
498661.403 2746090.37 1980
498667.499 2746082.501 1980
498673.141 2746074.294 1979.2
498678.514 2746065.89 1977.949
498684.226 2746057.742 1977.386
498689.985 2746049.629 1976.959
498695.658 2746041.456 1976.425
498701.325 2746033.279 1975.931
498707.084 2746025.169 1975.656
498712.822 2746017.045 1975.392
498718.533 2746008.901 1975.129
498724.216 2746000.739 1974.865
498729.873 2745992.557 1974.601
498735.502 2745984.357 1974.336
498741.103 2745976.138 1974.071
498746.785 2745967.972 1974
498752.266 2745959.672 1973.616
498757.226 2745951.027 1972.349
498762.201 2745942.397 1971.176
498767.527 2745934.001 1970.698
498773.006 2745925.704 1970.556
498778.43 2745917.373 1970.381
498783.705 2745908.944 1970
498789.158 2745900.63 1970
498794.576 2745892.292 1970
498799.96 2745883.931 1970
498805.308 2745875.547 1970
498810.428 2745867.022 1969.66
498815.007 2745858.17 1968.435
498819.999 2745849.572 1968
498825.204 2745841.102 1968
498830.373 2745832.609 1968
498835.507 2745824.095 1968
498840.604 2745815.559 1968
498845.664 2745807 1967.995
498850.245 2745798.166 1967.227
498854.863 2745789.357 1966.588
498859.54 2745780.584 1966.114
498864.397 2745771.913 1966.014
498869.159 2745763.189 1965.815
498873.739 2745754.365 1965.366
498877.944 2745745.341 1964.342
498882.383 2745736.447 1963.782
498886.757 2745727.521 1963.176
498891.03 2745718.544 1962.464
498895.316 2745709.578 1961.84
498895.861 2745708.462 1961.782
498897.905 2745699.734 1961.358
498902.244 2745690.808 1960.896
498906.546 2745681.865 1960.436
498910.823 2745672.912 1960.001
498915.285 2745664.053 1960
498919.711 2745655.176 1960
498924.1 2745646.281 1960
498928.453 2745637.368 1960
498932.768 2745628.436 1960
498937.047 2745619.487 1960
498941.288 2745610.521 1960
498945.492 2745601.537 1960
498949.659 2745592.536 1960
498953.789 2745583.517 1960
498957.883 2745574.481 1960
498961.941 2745565.426 1960
498965.964 2745556.353 1960
498969.955 2745547.263 1960
498973.913 2745538.156 1960
498977.841 2745529.032 1960
498981.738 2745519.893 1960
498985.606 2745510.739 1960
498989.505 2745501.595 1960.112
498993.944 2745492.677 1961.301
498998.502 2745483.803 1962.764
498999.094 2745482.703 1962.992
499005.304 2745475.861 1964.779
499010.339 2745467.167 1966.904
499015.05 2745458.331 1968.537
499019.511 2745449.385 1969.798
499023.517 2745440.249 1970.356
499027.38 2745431.052 1970.715
499031.225 2745421.845 1971.075
499035.052 2745412.628 1971.436
499038.862 2745403.403 1971.797
499042.889 2745394.262 1972.535
499047.397 2745385.311 1974.072
499051.483 2745376.188 1974.952
499055.568 2745367.063 1975.847
499055.888 2745366.348 1975.918
499058.743 2745356.732 1977.517
499061.301 2745346.998 1979.586
499063.029 2745336.936 1982.985
499065.563 2745327.192 1985.079
499066.875 2745320.993 1986.825
499065.648 2745316.48 1988.27
499067.834 2745306.595 1991.318
499070.906 2745297.057 1992.701
499074.222 2745287.615 1993.624
499077.734 2745278.25 1994.179
499081.288 2745268.903 1994.654
499084.85 2745259.558 1995.114
499088.404 2745250.21 1995.591
499091.906 2745240.841 1996.165
499095.426 2745231.48 1996.703
499098.949 2745222.12 1997.238
499102.47 2745212.759 1997.776
499105.97 2745203.39 1998.353
499109.457 2745194.015 1998.956
499112.94 2745184.639 1999.564
499116.332 2745175.227 2000.345
499119.419 2745165.695 2001.378
499119.618 2745165.69 2001.38
499121.043 2745155.586 2002.401
499124.312 2745146.126 2003.52
499127.701 2745136.713 2004.382
499131.186 2745127.338 2005.036
499134.689 2745117.969 2005.653
499138.087 2745108.56 2006.495
499141.316 2745099.084 2007.7
499144.442 2745089.567 2009.127
499147.825 2745080.152 2010
499151.615 2745070.897 2010
499155.405 2745061.642 2010
499159.345 2745052.446 2009.677
499163.705 2745043.416 2008.449
