497871.86858 2746798.60555 1976.01715
497874.97000 2746796.73600 1976.23200
497883.53000 2746791.57800 1976.83800
497885.03100 2746790.67300 1976.94400
497893.28300 2746785.03800 1977.54400
497901.53400 2746779.40600 1978.12800
497909.78600 2746773.77900 1978.68700
497918.03000 2746768.14300 1979.24700
497926.25900 2746762.49000 1979.82000
497934.39500 2746756.69700 1980.62400
497942.48100 2746750.83300 1981.53400
497947.91117 2746746.51021 1982.61435
497945.13100 2746748.25100 1981.80800
497936.79300 2746754.05500 1980.92600
497928.30600 2746759.55900 1980.03600
497919.88800 2746765.07200 1979.43900
497911.46500 2746770.51200 1978.86900
497903.05000 2746775.92900 1978.30000
497894.63000 2746781.33700 1977.71600
497891.26700 2746783.88700 1977.47000
497883.29400 2746789.93500 1976.88100
497875.32700 2746795.99300 1976.27600
497871.86858 2746798.60555 1976.01715
