497963.18691 2746735.10949 1984.63344
497966.44900 2746732.84300 1984.84300
497974.62300 2746727.14000 1985.36600
497982.78400 2746721.42100 1985.88900
497990.88300 2746715.61700 1986.53500
497998.92800 2746709.73700 1987.28400
498007.07900 2746704.02100 1987.70300
498015.47400 2746698.66800 1987.42600
498023.99400 2746693.49700 1986.77700
498032.60000 2746688.44700 1985.86200
498041.55700 2746683.89700 1983.98500
498050.34200 2746679.08800 1982.52800
498058.98800 2746674.07500 1981.39300
498063.25500 2746671.51400 1980.92200
498071.29500 2746665.64100 1980.92300
498075.68800 2746662.64600 1981.20500
498083.52700 2746656.49800 1982.00000
498091.65500 2746650.75200 1982.00000
498096.62100 2746647.21800 1982.00000
498113.06500 2746634.35700 1980.87800
498120.95000 2746628.28400 1980.82900
498128.74300 2746622.09100 1980.60200
498136.67100 2746616.07900 1980.76300
498144.60200 2746610.07100 1980.98200
498152.57400 2746604.11400 1981.34800
498160.54700 2746598.15700 1981.76500
498168.71000 2746592.44000 1982.69000
498171.64900 2746590.13200 1982.74300
498171.84800 2746590.38500 1983.22800
498179.24700 2746583.69400 1984.36500
498186.80500 2746577.21000 1985.05000
498194.34200 2746570.70500 1985.72000
498201.80100 2746564.10700 1986.51300
498209.21700 2746557.46200 1987.34300
498216.63900 2746550.82800 1988.09300
498224.10400 2746544.25100 1988.67800
498231.53900 2746537.64300 1989.26600
498238.94600 2746531.00300 1989.86000
498246.05100 2746524.01100 1991.09000
498253.03200 2746516.88300 1992.53700
498260.12200 2746509.89000 1993.66400
498267.55700 2746503.30500 1993.92900
498275.13900 2746496.88800 1993.80100
498275.82483 2746496.31564 1993.77493
498268.33400 2746500.70500 1994.00000
498259.37300 2746505.69400 1994.00000
498249.94700 2746509.78000 1992.82900
498240.30100 2746513.34800 1991.19500
498230.64300 2746516.80900 1989.83400
498221.07500 2746520.43300 1989.18900
498211.41700 2746523.79300 1988.56500
498201.67300 2746526.88100 1987.94900
498191.81200 2746529.56400 1987.14000
498181.88900 2746531.96800 1986.34100
498171.93000 2746534.18300 1985.69100
498161.92500 2746536.15800 1985.11100
498151.87400 2746537.86300 1984.55800
498141.77900 2746539.25900 1983.97400
498131.67400 2746540.58000 1983.71400
498121.54300 2746541.74100 1983.64600
498111.38500 2746542.76400 1983.80700
498101.19200 2746543.56900 1984.07500
498090.96700 2746544.15000 1984.44500
498080.71700 2746544.38400 1984.73500
498070.44600 2746544.40500 1985.14500
498060.16100 2746544.14900 1985.58000
498052.22000 2746545.71200 1985.86000
498049.63600 2746545.52600 1985.97200
498039.28000 2746544.78000 1986.73900
498028.92200 2746543.78600 1987.59800
498018.62800 2746542.24200 1988.00700
498008.42100 2746540.19400 1988.04400
497998.26700 2746537.85900 1988.09000
497988.18000 2746535.22400 1988.12000
497978.17900 2746532.25900 1988.12700
497976.90271 2746531.78741 1988.06508
497979.75100 2746534.49100 1988.00000
497987.15700 2746542.65500 1988.00000
497993.97400 2746551.45300 1988.00000
498000.04100 2746560.88600 1988.01700
498005.48700 2746570.69500 1988.39600
498009.88900 2746581.00600 1988.38400
498013.43200 2746591.62200 1988.40900
498016.03900 2746602.48700 1988.37000
498017.71000 2746613.51300 1988.29800
498018.43500 2746624.61900 1988.19100
498018.21900 2746635.72200 1988.03900
498017.15700 2746646.75200 1987.98200
498015.19400 2746657.63800 1987.90500
498012.16800 2746668.25700 1987.48300
498007.78500 2746675.45800 1987.49600
498007.04600 2746678.08200 1987.54900
498002.36600 2746687.88900 1987.71100
497997.05500 2746697.30300 1987.49800
497990.82800 2746706.03300 1986.79100
497984.04300 2746714.20300 1986.00100
497977.04800 2746722.06100 1985.64100
497969.59700 2746729.38300 1985.08400
497963.18691 2746735.10949 1984.63344