498318.78000 2746659.68300 1984.28800
498325.86200 2746653.93800 1984.52500
498332.12600 2746647.37400 1984.84000
498337.41300 2746640.06500 1985.25600
498341.33800 2746632.02500 1986.16300
498344.24000 2746623.66600 1986.76400
498345.92000 2746615.05700 1987.23700
498346.03800 2746606.36900 1987.97500
498344.69800 2746597.88800 1988.76500
498341.97300 2746589.81700 1989.54900
498338.03900 2746582.32600 1990.18400
498333.03200 2746575.56000 1990.61800
498326.99900 2746569.73300 1991.00600
498320.13200 2746564.96200 1991.28400
498312.59500 2746561.38500 1991.49800
498304.59500 2746559.07100 1991.61300
498296.33500 2746558.04000 1991.57900
498288.01100 2746558.36500 1991.47000
498279.76400 2746560.02700 1991.28300
498271.58100 2746562.95800 1991.07100
498263.51300 2746566.90700 1990.79400
498255.57000 2746571.68500 1990.44300
498247.70000 2746577.08800 1990.03300
498239.68800 2746582.76400 1989.30200
498231.55300 2746588.59100 1988.49500
498223.25700 2746594.23700 1987.32800
498214.80800 2746599.69700 1985.81600
498206.59200 2746605.45200 1984.89200
498198.48200 2746611.09500 1983.96800
498191.36300 2746618.24600 1982.14600
498189.14200 2746620.31300 1981.76300
498183.96844 2746613.71151 1981.90854
498184.08700 2746613.62000 1981.91300
498190.21700 2746608.80100 1982.02100
498189.70200 2746608.14800 1983.27000
498198.04900 2746602.50500 1984.53600
498206.23900 2746596.65700 1985.46700
498214.49300 2746590.88200 1986.59200
498222.87000 2746585.25100 1988.05200
498230.96000 2746579.25800 1988.86800
498239.02500 2746573.22900 1989.67000
498246.99200 2746567.07700 1990.28500
498254.88300 2746560.83000 1990.76900
498262.74900 2746554.55000 1991.24100
498270.57800 2746548.22400 1991.67500
498278.44000 2746541.93400 1992.23200
498281.88176 2746539.38694 1992.73132
498285.45200 2746538.46100 1994.00000
498297.11300 2746537.96800 1994.00000
498308.69500 2746539.39500 1994.00000
498319.73600 2746543.09100 1993.37500
498329.93900 2746548.55600 1992.68400
498339.10600 2746555.51700 1992.12000
498346.85400 2746563.94900 1991.32500
498352.95000 2746573.54900 1990.31900
498357.08200 2746584.03700 1988.88400
498359.58500 2746594.89100 1987.73000
498360.69100 2746605.88700 1987.21700
498359.84500 2746616.83300 1986.43700
498357.07400 2746627.35200 1985.23100
498352.85300 2746637.24400 1984.07200
498347.80000 2746646.64100 1983.75500
498341.65200 2746655.33800 1983.65400
498334.40100 2746663.11400 1983.44700
498326.19100 2746669.82000 1983.01800