498318.78000 2746659.68300 1984.28800
498325.86200 2746653.93800 1984.52500
498332.12600 2746647.37400 1984.84000
498337.41300 2746640.06500 1985.25600
498341.33800 2746632.02500 1986.16300
498344.24000 2746623.66600 1986.76400
498345.92000 2746615.05700 1987.23700
498346.03800 2746606.36900 1987.97500
498344.69800 2746597.88800 1988.76500
498341.97300 2746589.81700 1989.54900
498338.03900 2746582.32600 1990.18400
498333.03200 2746575.56000 1990.61800
498326.99900 2746569.73300 1991.00600
498320.13200 2746564.96200 1991.28400
498312.59500 2746561.38500 1991.49800
498304.59500 2746559.07100 1991.61300
498296.33500 2746558.04000 1991.57900
498288.01100 2746558.36500 1991.47000
498279.76400 2746560.02700 1991.28300
498271.58100 2746562.95800 1991.07100
498263.51300 2746566.90700 1990.79400
498255.57000 2746571.68500 1990.44300
498247.70000 2746577.08800 1990.03300
498239.68800 2746582.76400 1989.30200
498231.55300 2746588.59100 1988.49500
498223.25700 2746594.23700 1987.32800
498214.80800 2746599.69700 1985.81600
498206.59200 2746605.45200 1984.89200
498198.48200 2746611.09500 1983.96800
498191.36300 2746618.24600 1982.14600
498189.14200 2746620.31300 1981.76300
498183.96844 2746613.71151 1981.90854
498112.48300 2746668.88600 1979.22100
498107.95400 2746672.08900 1979.24600
498099.76800 2746677.92300 1979.19400
498091.61000 2746683.79500 1979.01800
498083.30900 2746689.46200 1979.16200
498075.02100 2746695.14400 1979.22100
498066.70900 2746700.78600 1979.30200
498058.33200 2746706.33100 1979.50800
498049.72000 2746711.53200 1980.29200
498047.99800 2746713.05000 1980.65200
498040.33900 2746719.62600 1982.06300
498032.48100 2746725.92200 1983.00300
498024.45200 2746731.96700 1983.52800
498016.16700 2746737.63600 1983.41100
498007.82200 2746743.21400 1983.16900
497999.61400 2746748.99200 1983.32600
497991.23300 2746754.50900 1983.04700
497982.78100 2746759.91500 1982.60300
497974.21700 2746765.14800 1981.88200
497965.67700 2746770.41100 1981.24500
497957.13800 2746775.67000 1980.63100
497948.57900 2746780.89400 1979.98400
497939.97400 2746786.04300 1979.22600
497931.42100 2746791.26700 1978.62800
497922.89000 2746796.52000 1978.10300
497914.33900 2746801.73900 1977.53900
497905.83100 2746807.02100 1977.10400
497905.83500 2746807.02600 1977.09500
497905.48900 2746807.24900 1977.08700
497897.19500 2746812.85900 1976.55000
497888.90100 2746818.46900 1976.00000
497880.43900 2746823.81300 1975.91000
497875.99100 2746826.78000 1975.65900
497826.50100 2746826.78000 1974.00000
497829.55172 2746824.78000 1974.00000
497822.24600 2746824.78000 1974.00000
497819.30400 2746820.56900 1974.00000
497827.50200 2746814.84200 1974.00000
497835.80800 2746809.27000 1974.28400
497844.09200 2746803.66600 1974.51000
497852.45000 2746798.16900 1974.93100
497860.86800 2746792.75800 1975.50800
497869.34000 2746787.42300 1976.22500
497877.75900 2746782.01200 1976.80500
497886.17600 2746776.60000 1977.38000
497891.15000 2746773.39900 1977.71600
497899.13700 2746767.37100 1978.26700
497907.10900 2746761.32400 1978.85300
497915.03400 2746755.26700 1979.45700
497922.84000 2746749.12900 1980.12800
497930.41300 2746742.77700 1981.05600
497937.83500 2746736.35300 1981.99000
497944.65600 2746729.34100 1983.70100
497951.51800 2746722.55900 1984.53700
497958.08500 2746715.61300 1985.18800
497964.21200 2746708.39200 1985.83900
497969.77700 2746700.84400 1986.59600
497974.74500 2746693.02000 1987.37400
497976.99500 2746689.01800 1987.75000
497977.34500 2746683.97300 1988.15100
497980.83600 2746675.82400 1989.12400
497983.64700 2746667.49900 1989.99100
497986.19100 2746659.14100 1990.00000
497988.01200 2746650.60900 1990.00000
497989.09200 2746641.96600 1990.00000
497989.42700 2746633.27700 1990.00000
497989.01600 2746624.60800 1990.00000
497987.87800 2746616.02400 1990.00000
497986.03400 2746607.58200 1990.00000
497983.75300 2746599.25900 1989.53200
497980.89100 2746591.10700 1988.86400
497977.25800 2746583.26100 1988.38700
497972.93100 2746575.77400 1988.02000
497967.90300 2746568.71000 1987.82400
497962.38400 2746561.87600 1987.59900
497956.38800 2746555.27900 1987.24400
497949.91800 2746548.95300 1986.81900
497943.07300 2746542.82800 1986.29700
497935.98400 2746536.75400 1985.35300
497928.65100 2746530.73500 1984.07700
497920.81100 2746525.20500 1983.46000
497912.72900 2746519.82600 1982.86900
497911.70500 2746519.16100 1982.79400
497905.49800 2746512.75500 1982.25800
497897.21500 2746507.24000 1981.32400
497894.55100 2746505.42000 1980.95000
497902.18063 2746492.15433 1981.18234
497896.75900 2746488.84700 1980.64200
497888.27200 2746483.36200 1979.54400
497880.01800 2746477.52100 1977.93100
497871.66100 2746471.91500 1976.79500
497863.28500 2746466.38000 1975.82600
497854.84900 2746460.97800 1975.10700
497860.39300 2746451.34000 1973.86900
497869.75400 2746455.10700 1975.96700
497878.84500 2746459.30500 1977.27100
497887.88300 2746463.55000 1978.41400
497896.83000 2746467.90500 1979.25600
497905.82000 2746472.12000 1980.19000
497914.89500 2746476.10500 1981.33700
497923.91800 2746480.10500 1982.24600
497926.15400 2746481.13100 1982.39500
497933.74500 2746482.38200 1982.84200
497942.68200 2746486.31100 1983.42200
497951.65900 2746490.05800 1984.00700
497960.75600 2746493.41800 1984.94800
497969.86000 2746496.62400 1985.89300
497979.00400 2746499.57900 1986.87600
497988.18000 2746502.27600 1987.85800
497997.22800 2746505.27500 1988.00000
498006.33100 2746508.12100 1988.00000
498015.51900 2746510.70800 1988.00000
498024.78300 2746513.03300 1988.00000
498034.11600 2746515.09400 1988.00000
498043.51100 2746516.88800 1988.00000
498052.95400 2746518.45700 1987.92400
498062.39700 2746520.28100 1986.92700
498067.14500 2746521.09500 1986.42300
498071.77800 2746523.88200 1985.93300
498081.42600 2746524.80800 1985.67700
498091.11200 2746525.22400 1985.77200
498100.81900 2746525.72000 1985.33200
498110.53900 2746525.68800 1985.26600
498120.24400 2746525.13000 1985.57400
498129.91900 2746524.17600 1986.06200
498139.51700 2746522.62700 1987.03100
498149.09700 2746521.05900 1987.61800
498158.70400 2746519.62000 1987.58900
498168.27400 2746517.90400 1987.56300
498177.74000 2746515.68300 1987.89600
498187.12600 2746513.14400 1988.30000
498196.43400 2746510.33600 1988.71100
498205.65000 2746507.23700 1989.16100
498214.76300 2746503.85200 1989.65200
498223.68500 2746499.99400 1990.49000
498232.30300 2746495.47300 1992.00600
498241.10700 2746491.39300 1992.39600
498249.85200 2746487.15800 1992.60800
498258.48800 2746482.67500 1992.80600
498267.03300 2746477.99300 1992.92400
498275.59000 2746473.29100 1992.66800
498284.05600 2746468.38800 1992.36300
498292.43100 2746463.29900 1992.00600
498300.74200 2746458.07100 1991.52700
498308.99100 2746452.70800 1990.93600
498317.18300 2746447.22300 1990.22100
498325.26900 2746441.55600 1989.54700
498333.22400 2746435.68800 1988.98700
498341.06400 2746429.64800 1988.50700
498348.80000 2746423.45800 1988.08500
498356.46100 2746417.15900 1987.66200
498363.92200 2746410.61600 1987.52600
498371.26900 2746403.93500 1987.49000
498378.61100 2746397.23700 1987.32600
498385.87600 2746390.44400 1987.20700
498393.04800 2746383.54400 1987.17600
498400.17500 2746376.58800 1987.14400
498407.25900 2746369.57900 1987.12400
498414.27700 2746362.49500 1987.17600
498416.96500 2746359.76000 1987.20300
498422.24795 2746364.99162 1987.38015
498423.11600 2746364.10700 1987.38800
498430.04700 2746356.97000 1987.46800
498436.94500 2746349.80000 1987.55900
498443.78500 2746342.57600 1987.70900
498450.54000 2746335.27100 1987.97600
498457.05700 2746327.74100 1988.67400
498463.51000 2746320.15500 1989.44100
498469.91600 2746312.53000 1990.24000
498476.13300 2746304.73500 1991.36100
498482.20700 2746296.81500 1992.70600
498488.24600 2746288.87200 1994.05500
498491.38800 2746285.01500 1994.45500
498493.18900 2746279.93700 1994.57600
498499.57500 2746272.33300 1995.17600
498506.14900 2746264.90300 1995.26000
498513.14000 2746257.84500 1994.29600
498513.58800 2746257.41400 1994.20800
498522.46600 2746252.85200 1991.71000
498530.29600 2746246.50700 1989.10100
498537.46000 2746239.56400 1987.77600
498544.32000 2746232.35000 1987.00100
498551.15500 2746225.10900 1986.22300
498557.84100 2746217.73700 1985.68200
498564.44800 2746210.29600 1985.23900
498571.02200 2746202.82300 1984.80600
498577.56500 2746195.32400 1984.37400
498584.08000 2746187.79900 1983.94000
498590.62200 2746180.29400 1983.39500
498597.13400 2746172.76200 1982.85300
498600.27400 2746168.91200 1982.77400
498600.37200 2746168.99200 1982.58400
498606.45300 2746161.10800 1982.05700
498612.34600 2746153.07500 1981.21800
498618.21900 2746145.03100 1980.39600
498623.09300 2746136.20000 1977.71600
498628.65600 2746127.92600 1976.41400
498634.65700 2746119.99900 1976.00000
498640.85000 2746112.22100 1976.00000
498647.01700 2746104.42300 1976.00000
498653.91400 2746097.17800 1977.42300
498661.40300 2746090.37000 1980.00000
498667.49900 2746082.50100 1980.00000
498673.14100 2746074.29400 1979.20000
498678.51400 2746065.89000 1977.94900
498684.22600 2746057.74200 1977.38600
498689.98500 2746049.62900 1976.95900
498695.65800 2746041.45600 1976.42500
498701.32500 2746033.27900 1975.93100
498707.08400 2746025.16900 1975.65600
498712.82200 2746017.04500 1975.39200
498718.53300 2746008.90100 1975.12900
498724.21600 2746000.73900 1974.86500
498729.87300 2745992.55700 1974.60100
498735.50200 2745984.35700 1974.33600
498741.10300 2745976.13800 1974.07100
498746.78500 2745967.97200 1974.00000
498752.26600 2745959.67200 1973.61600
498757.22600 2745951.02700 1972.34900
498762.20100 2745942.39700 1971.17600
498767.52700 2745934.00100 1970.69800
498773.00600 2745925.70400 1970.55600
498778.43000 2745917.37300 1970.38100
498783.70500 2745908.94400 1970.00000
498789.15800 2745900.63000 1970.00000
498794.57600 2745892.29200 1970.00000
498799.96000 2745883.93100 1970.00000
498805.30800 2745875.54700 1970.00000
498810.42800 2745867.02200 1969.66000
498815.00700 2745858.17000 1968.43500
498819.99900 2745849.57200 1968.00000
498825.20400 2745841.10200 1968.00000
498830.37300 2745832.60900 1968.00000
498835.50700 2745824.09500 1968.00000
498840.60400 2745815.55900 1968.00000
498845.66400 2745807.00000 1967.99500
498850.24500 2745798.16600 1967.22700
498851.20850 2745796.32810 1967.03329
498851.17500 2745796.30900 1967.03100
498853.35749 2745792.22881 1966.79693
498854.86300 2745789.35700 1966.58800
498859.54000 2745780.58400 1966.11400
498859.81432 2745780.09427 1966.11170
498860.52300 2745778.75800 1966.03700
498865.37900 2745770.08600 1965.94700
498868.49026 2745764.41414 1965.84481
498869.15900 2745763.18900 1965.81500
498872.07318 2745757.57444 1965.52828
498874.32760 2745753.10186 1965.22003
498876.43409 2745748.58130 1964.70986
498878.79700 2745743.44500 1964.09500
498883.18547 2745734.80940 1963.66707
498885.07685 2745730.94967 1963.40923
498886.89789 2745727.22500 1963.15647
498888.40602 2745724.05662 1962.89864
498891.84600 2745716.63200 1962.19600
498894.04100 2745712.17600 1961.97100
498894.44600 2745706.78500 1961.72300
498898.28297 2745698.95647 1961.31805
498900.53620 2745694.32120 1961.07825
498902.78398 2745689.68549 1960.83841
498904.43906 2745686.24490 1960.66066
498907.43800 2745679.99700 1960.33800
498907.46915 2745679.93258 1960.33556
498910.82300 2745672.91200 1960.00100
498913.70635 2745667.18729 1960.00000
498915.64961 2745663.32173 1960.00000
498918.24869 2745658.10888 1960.00000
498920.11353 2745654.36021 1960.00000
498923.10554 2745648.29644 1960.00000
498924.29632 2745645.87902 1960.00000
498928.45300 2745637.36800 1960.00000
498932.76800 2745628.43600 1960.00000
498937.04700 2745619.48700 1960.00000
498941.28800 2745610.52100 1960.00000
498945.49200 2745601.53700 1960.00000
498949.65900 2745592.53600 1960.00000
498953.78900 2745583.51700 1960.00000
498957.88300 2745574.48100 1960.00000
498961.94100 2745565.42600 1960.00000
498965.96400 2745556.35300 1960.00000
498969.95500 2745547.26300 1960.00000
498973.91300 2745538.15600 1960.00000
498977.84100 2745529.03200 1960.00000
498981.73800 2745519.89300 1960.00000
498985.60600 2745510.73900 1960.00000
498989.50500 2745501.59500 1960.11200
498993.94400 2745492.67700 1961.30100
498998.50200 2745483.80300 1962.76400
498999.09400 2745482.70300 1962.99200
499005.30400 2745475.86100 1964.77900
499010.33900 2745467.16700 1966.90400
499015.05000 2745458.33100 1968.53700
499019.51100 2745449.38500 1969.79800
499023.51700 2745440.24900 1970.35600
499027.38000 2745431.05200 1970.71500
499031.22500 2745421.84500 1971.07500
499035.05200 2745412.62800 1971.43600
499038.86200 2745403.40300 1971.79700
499042.88900 2745394.26200 1972.53500
499047.39700 2745385.31100 1974.07200
499051.48300 2745376.18800 1974.95200
499055.56800 2745367.06300 1975.84700
499055.88800 2745366.34800 1975.91800
499058.74300 2745356.73200 1977.51700
499061.30100 2745346.99800 1979.58600
499063.02900 2745336.93600 1982.98500
499065.56300 2745327.19200 1985.07900
499066.87500 2745320.99300 1986.82500
499065.64800 2745316.48000 1988.27000
499067.83400 2745306.59500 1991.31800
499070.90600 2745297.05700 1992.70100
499074.22200 2745287.61500 1993.62400
499077.73400 2745278.25000 1994.17900
499081.28800 2745268.90300 1994.65400
499084.85000 2745259.55800 1995.11400
499088.40400 2745250.21000 1995.59100
499091.90600 2745240.84100 1996.16500
499095.42600 2745231.48000 1996.70300
499098.94900 2745222.12000 1997.23800
499102.47000 2745212.75900 1997.77600
499105.97000 2745203.39000 1998.35300
499109.45700 2745194.01500 1998.95600
499112.94000 2745184.63900 1999.56400
499116.33200 2745175.22700 2000.34500
499119.41900 2745165.69500 2001.37800
499119.61800 2745165.69000 2001.38000
499121.04300 2745155.58600 2002.40100
499124.31200 2745146.12600 2003.52000
499127.70100 2745136.71300 2004.38200
499131.18600 2745127.33800 2005.03600
499134.68900 2745117.96900 2005.65300
499138.08700 2745108.56000 2006.49500
499141.31600 2745099.08400 2007.70000
499144.44200 2745089.56700 2009.12700
499147.82500 2745080.15200 2010.00000
499151.61500 2745070.89700 2010.00000
499155.40500 2745061.64200 2010.00000
499159.34500 2745052.44600 2009.67700
499163.70500 2745043.41600 2008.44900
499167.04500 2745037.24400 2006.94600
499167.04500 2745066.40983 2010.00000
499167.45000 2745065.49400 2010.00000
499168.04500 2745064.22000 2009.94100
499168.04500 2745206.62600 1996.14400
499164.90800 2745212.62500 1995.04000
499160.52300 2745221.62700 1993.90500
499156.38200 2745230.73200 1993.23300
499152.17700 2745239.81000 1992.44000
499147.96900 2745248.88700 1991.64100
499143.72200 2745257.94700 1990.76700
499139.46500 2745267.00300 1989.87600
499135.42500 2745276.15100 1989.39500
499131.38700 2745285.30100 1988.92100
499127.33700 2745294.44500 1988.42200
499123.49200 2745298.24000 1988.21300
499121.39300 2745302.78100 1987.86000
499116.93700 2745311.75200 1986.73400
499112.52000 2745320.73900 1985.67100
499108.02000 2745329.69100 1984.47300
499103.36600 2745338.57800 1983.02400
499098.23900 2745347.26200 1980.80200
499093.37100 2745356.05800 1979.00500
499088.74800 2745364.95700 1977.60500
499084.01000 2745373.80800 1976.01800
499083.12500 2745376.20800 1975.75900
499079.61900 2745385.58500 1974.81600
499076.14200 2745394.97600 1973.82600
499072.96100 2745404.49500 1972.35800
499069.41300 2745413.86000 1971.49100
499065.70400 2745423.15800 1970.88700
499061.91900 2745432.42600 1970.40600
499058.03100 2745441.65100 1970.09000
499054.00200 2745450.81800 1970.00000
499050.49700 2745460.21200 1969.04900
499047.18800 2745469.69400 1967.76800
499045.04800 2745479.68800 1964.56700
499042.02759 2745488.06483 1963.55281
499041.80300 2745490.57100 1963.30600
499041.63544 2745491.03522 1963.29516
499041.62500 2745494.60100 1963.05500
499039.77600 2745499.26600 1962.66800
499035.86900 2745508.50700 1962.27900
499031.90200 2745517.72400 1961.98400
499027.90400 2745526.93100 1961.72500
499023.97700 2745536.17200 1961.30600
499020.23500 2745545.50000 1960.50300
499016.32200 2745554.75500 1960.00000
499012.13100 2745563.88800 1960.00000
499007.92300 2745573.01500 1960.00000
499003.69800 2745582.13700 1960.00000
498999.45400 2745591.25300 1960.00000
498995.18900 2745600.36200 1960.00000
498990.90400 2745609.46400 1960.00000
498986.59800 2745618.55900 1960.00000
498982.26800 2745627.64500 1960.00000
498977.91500 2745636.72200 1960.00000
498973.53700 2745645.79000 1960.00000
498969.13300 2745654.84900 1960.00000
498964.70200 2745663.89600 1960.00000
498963.46050 2745666.41269 1960.00000
498962.88700 2745667.58100 1960.00000
498961.87444 2745669.62787 1960.00000
498960.24400 2745672.93300 1960.00000
498959.30973 2745674.81237 1960.00000
498958.41700 2745676.61700 1960.00000
498957.14188 2745679.17319 1960.00000
498955.75700 2745681.95900 1960.00000
498955.20114 2745683.06372 1960.00343
498953.91700 2745685.63800 1960.00000
498953.66628 2745686.11413 1960.01292
498951.22600 2745690.96400 1960.02800
498949.35117 2745694.30890 1960.31761
498949.22000 2745694.55800 1960.33300
498947.28367 2745697.99754 1960.63697
498946.29300 2745699.76500 1960.79000
498945.03034 2745702.00017 1960.98445
498944.27100 2745703.34900 1961.10400
498941.33200 2745708.54700 1961.55400
498937.07800 2745712.02300 1961.88000
498934.37100 2745716.29100 1962.56600
498931.07242 2745721.40995 1963.43763
498926.90700 2745728.38400 1964.17400
498926.30788 2745729.42483 1964.24450
498923.98900 2745733.58000 1964.45200
498920.29946 2745739.85107 1964.98434
498916.84400 2745745.82800 1965.39600
498911.81700 2745754.54900 1965.93400
498911.64808 2745754.83290 1965.95092
498908.83500 2745759.70700 1966.24000
498906.98765 2745762.66546 1966.58406
498906.66900 2745763.20100 1966.63000
498905.03200 2745765.79737 1966.94830
498903.49800 2745768.25400 1967.23400
498899.83724 2745774.20152 1967.82355
498896.19200 2745780.39600 1968.20400
498895.45844 2745781.68297 1968.24115
498893.24700 2745785.57000 1968.36700
498890.60048 2745790.21165 1968.49930
498886.25300 2745797.88000 1968.67300
498884.51460 2745800.95045 1968.72149
498883.32300 2745803.06100 1968.75500
498882.53749 2745804.44252 1968.77681
498881.29900 2745806.63000 1968.81100
498879.88047 2745809.11556 1968.85059
498878.35300 2745811.80200 1968.89300
498876.31500 2745815.36300 1968.95400
498871.26800 2745824.05900 1969.16000
498866.17400 2745832.72800 1969.40100
498861.14500 2745841.43500 1969.48100
498855.93300 2745850.03300 1969.83500
498850.80300 2745858.68000 1969.99900
498845.87400 2745867.44800 1969.76300
498840.65400 2745876.04300 1969.99000
498835.53100 2745884.69600 1970.00000
498830.38600 2745893.33700 1970.00000
498825.21400 2745901.96300 1970.00000
498819.92600 2745910.51700 1970.15800
498814.42800 2745918.93900 1970.64000
498808.81600 2745927.28800 1971.28000
498803.12500 2745935.58200 1972.01800
498797.68400 2745944.03700 1972.26200
498792.23100 2745952.48400 1972.48100
498786.73700 2745960.90400 1972.72700
498781.19000 2745969.29000 1973.02200
498775.54600 2745977.61100 1973.44200
498769.83500 2745985.88600 1973.92800
498764.13800 2745994.16900 1974.32900
498758.44100 2746002.45200 1974.66900
498752.75000 2746010.73900 1974.93900
498747.01600 2746018.99700 1975.22800
498741.25900 2746027.23700 1975.49900
498735.46400 2746035.45200 1975.77800
498729.60900 2746043.62400 1976.10900
498723.61500 2746051.69600 1976.63600
498717.58300 2746059.73900 1977.17600
498711.51400 2746067.75300 1977.72500
498705.29700 2746075.65700 1978.49000
498698.91900 2746083.43900 1979.49900
498692.78300 2746091.39600 1980.00000
498686.88200 2746099.52900 1980.00000
498680.94900 2746107.63900 1980.00000
498674.98400 2746115.72500 1980.00000
498668.98600 2746123.78800 1980.00000
498663.41400 2746132.18200 1979.13000
498657.94400 2746140.66200 1978.00000
498651.84700 2746148.65800 1978.00000
498645.71700 2746156.62900 1978.00000
498639.55500 2746164.57700 1978.00000
498632.17100 2746171.54400 1980.29000
498625.39800 2746178.99100 1981.35500
498618.70400 2746186.49900 1982.21100
498612.13200 2746194.10200 1982.77300
498612.34800 2746194.27900 1983.19100
498605.98200 2746202.00000 1983.34200
498599.80000 2746209.92600 1983.95200
498593.57300 2746217.81700 1984.52800
498587.31700 2746225.68700 1985.09900
498581.02800 2746233.53200 1985.65800
498574.70500 2746241.35100 1986.20300
498568.35000 2746249.14400 1986.73700
498561.96800 2746256.91700 1987.27000
498555.55700 2746264.66700 1987.79900
498549.34500 2746272.59700 1988.77900
498543.25000 2746280.63600 1990.05100
498538.27500 2746289.68900 1993.63700
498538.42400 2746293.20800 1994.36600
498534.01200 2746299.40800 1995.96600
498527.01000 2746306.66600 1995.51600
498519.90300 2746310.40800 1994.34000
498517.96300 2746312.04500 1993.87400
498510.42800 2746318.79000 1992.49200
498503.22900 2746325.84000 1991.84100
498496.12300 2746332.97200 1991.42600
498488.96500 2746340.05100 1990.94900
498481.73900 2746347.06300 1990.38000
498474.47500 2746354.03300 1989.77600
498467.24300 2746361.03200 1989.28700
498460.02900 2746368.04300 1988.88100
498452.84700 2746375.08300 1988.58800
498445.66100 2746382.11700 1988.33600
498438.47600 2746389.15000 1988.13300
498431.30300 2746396.19400 1988.00600
498424.16400 2746403.27200 1988.00000
498417.00400 2746410.32800 1988.00000
498409.82100 2746417.36100 1988.00000
498402.61500 2746424.37000 1988.00000
498395.38500 2746431.35500 1988.00000
498388.13300 2746438.31500 1988.00000
498380.85700 2746445.25200 1988.00000
498373.73100 2746452.34800 1988.38000
498366.65400 2746459.49900 1988.91800
498359.55200 2746466.62800 1989.45800
498352.50600 2746473.82100 1990.17500
498345.48200 2746481.04500 1990.99900
498338.44700 2746488.26300 1991.85500
498331.34500 2746495.41300 1992.61900
498324.21400 2746502.53700 1993.37300
498317.00100 2746509.57400 1994.00000
498309.48600 2746516.27500 1994.00000
498301.95000 2746522.95100 1994.00000
498294.39100 2746529.60300 1994.00000
498286.55300 2746535.93000 1993.40900
498281.88176 2746539.38694 1992.73132
498285.45200 2746538.46100 1994.00000
498297.11300 2746537.96800 1994.00000
498308.69500 2746539.39500 1994.00000
498319.73600 2746543.09100 1993.37500
498329.93900 2746548.55600 1992.68400
498339.10600 2746555.51700 1992.12000
498346.85400 2746563.94900 1991.32500
498352.95000 2746573.54900 1990.31900
498357.08200 2746584.03700 1988.88400
498359.58500 2746594.89100 1987.73000
498360.69100 2746605.88700 1987.21700
498359.84500 2746616.83300 1986.43700
498357.07400 2746627.35200 1985.23100
498352.85300 2746637.24400 1984.07200
498347.80000 2746646.64100 1983.75500
498341.65200 2746655.33800 1983.65400
498334.40100 2746663.11400 1983.44700
498326.19100 2746669.82000 1983.01800
498318.78000 2746659.68300 1984.28800
hole 0
497871.86858 2746798.60555 1976.01715
497874.97000 2746796.73600 1976.23200
497883.53000 2746791.57800 1976.83800
497885.03100 2746790.67300 1976.94400
497893.28300 2746785.03800 1977.54400
497901.53400 2746779.40600 1978.12800
497909.78600 2746773.77900 1978.68700
497918.03000 2746768.14300 1979.24700
497926.25900 2746762.49000 1979.82000
497934.39500 2746756.69700 1980.62400
497942.48100 2746750.83300 1981.53400
497947.91117 2746746.51021 1982.61435
497945.13100 2746748.25100 1981.80800
497936.79300 2746754.05500 1980.92600
497928.30600 2746759.55900 1980.03600
497919.88800 2746765.07200 1979.43900
497911.46500 2746770.51200 1978.86900
497903.05000 2746775.92900 1978.30000
497894.63000 2746781.33700 1977.71600
497891.26700 2746783.88700 1977.47000
497883.29400 2746789.93500 1976.88100
497875.32700 2746795.99300 1976.27600
497871.86858 2746798.60555 1976.01715
hole 1
497963.18691 2746735.10949 1984.63344
497966.44900 2746732.84300 1984.84300
497974.62300 2746727.14000 1985.36600
497982.78400 2746721.42100 1985.88900
497990.88300 2746715.61700 1986.53500
497998.92800 2746709.73700 1987.28400
498007.07900 2746704.02100 1987.70300
498015.47400 2746698.66800 1987.42600
498023.99400 2746693.49700 1986.77700
498032.60000 2746688.44700 1985.86200
498041.55700 2746683.89700 1983.98500
498050.34200 2746679.08800 1982.52800
498058.98800 2746674.07500 1981.39300
498063.25500 2746671.51400 1980.92200
498071.29500 2746665.64100 1980.92300
498075.68800 2746662.64600 1981.20500
498083.52700 2746656.49800 1982.00000
498091.65500 2746650.75200 1982.00000
498096.62100 2746647.21800 1982.00000
498113.06500 2746634.35700 1980.87800
498120.95000 2746628.28400 1980.82900
498128.74300 2746622.09100 1980.60200
498136.67100 2746616.07900 1980.76300
498144.60200 2746610.07100 1980.98200
498152.57400 2746604.11400 1981.34800
498160.54700 2746598.15700 1981.76500
498168.71000 2746592.44000 1982.69000
498171.64900 2746590.13200 1982.74300
498171.84800 2746590.38500 1983.22800
498179.24700 2746583.69400 1984.36500
498186.80500 2746577.21000 1985.05000
498194.34200 2746570.70500 1985.72000
498201.80100 2746564.10700 1986.51300
498209.21700 2746557.46200 1987.34300
498216.63900 2746550.82800 1988.09300
498224.10400 2746544.25100 1988.67800
498231.53900 2746537.64300 1989.26600
498238.94600 2746531.00300 1989.86000
498246.05100 2746524.01100 1991.09000
498253.03200 2746516.88300 1992.53700
498260.12200 2746509.89000 1993.66400
498267.55700 2746503.30500 1993.92900
498275.13900 2746496.88800 1993.80100
498275.82483 2746496.31564 1993.77493
498268.33400 2746500.70500 1994.00000
498259.37300 2746505.69400 1994.00000
498249.94700 2746509.78000 1992.82900
498240.30100 2746513.34800 1991.19500
498230.64300 2746516.80900 1989.83400
498221.07500 2746520.43300 1989.18900
498211.41700 2746523.79300 1988.56500
498201.67300 2746526.88100 1987.94900
498191.81200 2746529.56400 1987.14000
498181.88900 2746531.96800 1986.34100
498171.93000 2746534.18300 1985.69100
498161.92500 2746536.15800 1985.11100
498151.87400 2746537.86300 1984.55800
498141.77900 2746539.25900 1983.97400
498131.67400 2746540.58000 1983.71400
498121.54300 2746541.74100 1983.64600
498111.38500 2746542.76400 1983.80700
498101.19200 2746543.56900 1984.07500
498090.96700 2746544.15000 1984.44500
498080.71700 2746544.38400 1984.73500
498070.44600 2746544.40500 1985.14500
498060.16100 2746544.14900 1985.58000
498052.22000 2746545.71200 1985.86000
498049.63600 2746545.52600 1985.97200
498039.28000 2746544.78000 1986.73900
498028.92200 2746543.78600 1987.59800
498018.62800 2746542.24200 1988.00700
498008.42100 2746540.19400 1988.04400
497998.26700 2746537.85900 1988.09000
497988.18000 2746535.22400 1988.12000
497978.17900 2746532.25900 1988.12700
497976.90271 2746531.78741 1988.06508
497979.75100 2746534.49100 1988.00000
497987.15700 2746542.65500 1988.00000
497993.97400 2746551.45300 1988.00000
498000.04100 2746560.88600 1988.01700
498005.48700 2746570.69500 1988.39600
498009.88900 2746581.00600 1988.38400
498013.43200 2746591.62200 1988.40900
498016.03900 2746602.48700 1988.37000
498017.71000 2746613.51300 1988.29800
498018.43500 2746624.61900 1988.19100
498018.21900 2746635.72200 1988.03900
498017.15700 2746646.75200 1987.98200
498015.19400 2746657.63800 1987.90500
498012.16800 2746668.25700 1987.48300
498007.78500 2746675.45800 1987.49600
498007.04600 2746678.08200 1987.54900
498002.36600 2746687.88900 1987.71100
497997.05500 2746697.30300 1987.49800
497990.82800 2746706.03300 1986.79100
497984.04300 2746714.20300 1986.00100
497977.04800 2746722.06100 1985.64100
497969.59700 2746729.38300 1985.08400
497963.18691 2746735.10949 1984.63344
